100
28253
24462
22204
25058
15244
5549
2207
18359
11990
1969
8233
17557
18691
29975
22900
29828
1289
16330
22088
23415
23330
13036
22999
555
31266
9940
27819
23122
11016
9811
31964
11761
4819
31036
20102
7687
18071
14371
20602
29807
26063
19812
10548
19719
12021
1896
4110
23058
16976
8227
18099
18395
1806
24033
18133
924
26258
12611
30755
27037
21007
29828
629
7840
18006
12289
4170
6269
16876
2041
5493
6666
24928
14225
28179
9789
5595
15643
27072
11925
10745
7063
5899
181
2263
21882
25383
14163
31598
1199
25059
12880
20511
13276
20955
23080
8334
23782
12528
12941
