181
555
629
924
1199
1289
1806
1896
1969
2041
2207
2263
4110
4170
4819
5493
5549
5595
5899
6269
6666
7063
7687
7840
8227
8233
8334
9789
9811
9940
10548
10745
11016
11761
11925
11990
12021
12289
12528
12611
12880
12941
13036
13276
14163
14225
14371
15244
15643
16330
16876
16976
17557
18006
18071
18099
18133
18359
18395
18691
19719
19812
20102
20511
20602
20955
21007
21882
22088
22204
22900
22999
23058
23080
23122
23330
23415
23782
24033
24462
24928
25058
25059
25383
26063
26258
27037
27072
27819
28179
28253
29807
29828
29828
29975
30755
31036
31266
31598
31964
It takes :0
