10000
28253
24462
22204
25058
15244
5549
2207
18359
11990
1969
8233
17557
18691
29975
22900
29828
1289
16330
22088
23415
23330
13036
22999
555
31266
9940
27819
23122
11016
9811
31964
11761
4819
31036
20102
7687
18071
14371
20602
29807
26063
19812
10548
19719
12021
1896
4110
23058
16976
8227
18099
18395
1806
24033
18133
924
26258
12611
30755
27037
21007
29828
629
7840
18006
12289
4170
6269
16876
2041
5493
6666
24928
14225
28179
9789
5595
15643
27072
11925
10745
7063
5899
181
2263
21882
25383
14163
31598
1199
25059
12880
20511
13276
20955
23080
8334
23782
12528
12941
10676
12471
29943
79
27184
3135
15534
1663
31454
16056
3316
7892
21931
1327
28217
12621
32424
24384
32307
20248
17245
8481
18898
29875
1119
26338
887
14161
15653
19698
26977
24959
15895
4582
28775
17159
19688
1398
1773
14357
7974
26824
1041
11160
25359
9202
5925
6379
19111
29882
19298
20661
19719
31391
29658
1294
4600
17438
5039
24803
15296
16686
5763
11931
828
16141
27951
20986
23087
20798
25272
6470
2010
19411
15743
10665
29645
13032
183
2775
4860
17264
25116
5616
11029
31028
18402
19368
24593
13848
25324
21925
16394
28320
14655
14121
16716
32692
13494
28912
26286
4512
2551
7260
32291
11359
2981
16847
11660
24857
15832
28248
16848
11498
15818
19603
29743
30949
20947
17610
6611
23385
13719
26720
29096
32338
30334
11376
1134
20323
29796
14257
19213
23715
23186
18333
3880
758
9453
28882
14836
20878
1390
16056
1355
18097
15826
30308
17148
18876
16787
188
11878
1640
13334
16348
31813
3404
5926
21433
7371
23971
15777
4612
25587
15440
22129
13650
3090
31775
9150
1913
18094
6990
12898
2877
20372
23116
9630
26924
13861
12224
27403
9158
20721
15821
27347
22241
3975
11412
2080
1612
7818
3579
1493
16307
4616
11949
9085
5058
2568
30819
1664
10893
1378
18785
17309
30512
22228
25923
7316
20146
28753
25337
17955
26160
30876
15377
18996
31799
24342
24884
23125
12657
25045
30708
9832
21636
14837
9669
2972
9527
25139
3144
12188
21207
11191
23248
23558
14809
5426
6431
11806
9408
6185
3952
28356
5185
24721
28603
9891
21157
8859
9268
17068
22128
721
26388
23747
14400
17506
1949
31927
16375
12730
88
25976
19740
29526
17058
17028
7807
18647
23398
18851
15644
22613
21804
9428
3650
2037
31571
14471
20725
5566
25242
6668
2704
25000
23270
19020
9903
7670
11839
2231
20043
22982
20763
21117
14887
6631
26591
25089
1131
29674
17827
17035
15759
24444
18485
19516
18555
12787
13665
7240
16877
30758
32112
23903
30490
8834
1775
29804
12184
14170
26546
25986
20091
32639
12056
1299
3775
24849
9615
18788
24294
23700
9563
20541
8161
24646
28820
27877
19252
26032
10350
21070
17494
3452
18878
11660
22870
11654
21177
17547
14020
1334
30206
27906
21199
3084
32471
28579
5035
3708
19131
11157
13622
3325
31768
3619
12762
4445
19024
12982
12981
28247
4865
16128
19191
7527
4234
20347
652
11997
22987
2066
29692
49
3884
7453
399
11414
22752
26771
26036
27601
6763
24443
8867
21324
32609
31652
5442
11622
17777
28054
12101
23310
26531
10952
7322
29584
3806
11284
22532
5806
27565
28775
29446
9459
23874
6077
5378
21060
2492
10829
30114
18104
19365
24576
22135
16810
6335
31784
16352
29452
17920
4463
1326
32509
19675
16909
21509
24478
30145
20543
21253
6434
3048
4852
5034
29733
32331
8905
23409
12863
4594
21303
2109
28888
2419
19467
5112
11838
26041
22295
31613
9460
9220
13864
3254
29006
7473
5432
24577
13626
27196
27876
217
11873
29187
26912
2482
29295
1100
10281
14116
17838
9738
26043
13900
16346
29404
26245
12912
13105
14295
14298
26081
2505
11141
6057
12838
3366
26413
6319
854
19468
1365
22251
710
4754
2438
20562
23780
10360
30031
13765
7779
18874
11916
18496
27801
3429
6889
5716
7461
11946
5281
11735
28884
27697
7308
5594
30150
29104
27992
9435
21708
32699
21526
1852
3605
17886
29177
2548
26890
8937
19291
32133
7030
16267
18433
17710
27626
14114
2208
26209
21344
17106
13728
11383
25118
6868
11039
13475
27613
529
9785
30244
16171
12272
22407
6847
27662
3180
32485
15213
24042
29289
29817
21841
19620
27720
17137
2796
18696
7865
14091
1428
26728
21968
2139
2850
21382
26716
32585
7148
15541
25972
15449
11507
314
16466
1199
21085
31224
28261
14290
28197
16205
11169
21168
14097
25655
22810
9186
11236
27835
10705
5426
18133
903
4557
11866
1345
13014
11118
13583
6045
9364
1791
3646
19886
11714
6282
17558
4860
10525
14320
22598
3972
25850
26424
15368
16557
10357
21288
9054
7805
5066
16914
1563
8461
24579
25841
32038
14906
16852
16053
23675
6046
29635
5594
11890
16575
11147
9279
29764
25989
32451
31030
20427
28914
31419
16855
31369
13325
29607
27547
11756
15647
20223
21798
24784
12066
19749
355
32326
11639
5705
214
31124
12247
3722
1326
25469
21132
13661
21274
25794
30433
5171
1630
16872
18391
86
23590
19516
30489
13332
30618
25621
17970
800
21682
28761
12286
11829
23884
28482
18014
6652
21628
1122
6192
27952
3107
10213
13183
23040
6339
23319
6134
5813
30609
1574
11675
18836
23244
25384
5050
27654
4174
6751
23582
26870
13921
29628
1671
31355
13011
16803
20569
2743
8269
26862
11410
7167
9696
10804
30718
31803
27873
4171
15790
18320
10487
10251
8102
32317
26226
25941
14294
12739
4830
22868
1356
3401
29656
7683
14759
15678
33
6896
31439
31296
20209
1855
27875
15165
4494
19697
6259
21208
19228
12647
240
31758
15031
26401
32608
6681
11199
27852
13654
12180
8307
23932
11298
20705
2754
5686
29765
5576
1885
21681
22824
20064
20241
13149
32013
32563
21076
9893
28997
26781
13086
24433
7843
7541
4346
14064
4658
27887
23388
1940
547
9153
7733
5982
7945
26757
31941
30555
1353
14175
20144
31855
25291
16607
4949
13649
9462
12329
12123
471
17116
7251
10380
12148
30641
10510
21479
16127
386
6793
10736
14261
14371
24722
13643
11138
4202
23807
20361
20604
24474
26956
8258
21424
29474
24453
4708
18722
20616
10854
13258
23823
12704
8386
13073
10869
4353
12321
28583
23254
23225
6829
20516
29496
5440
19535
21214
29296
5803
2837
3255
9376
6690
1751
2618
20479
18836
3098
18151
7896
4009
24116
11978
27350
17913
31921
24147
19838
4987
22518
5217
6653
3904
14628
2720
9252
31585
24895
10261
30897
11318
9104
16887
27344
28616
32583
24257
6881
2441
31845
12165
23164
5699
20441
13187
4530
27727
2793
14842
2454
19463
22996
13886
16381
29821
5558
6667
10369
28782
11691
10777
32460
12145
11063
240
3603
16244
21990
13310
4576
14953
14895
20199
5141
15421
6046
6428
27694
29962
31283
22959
17350
11149
773
3430
17500
17370
9258
17166
21080
7758
21467
4625
31049
25286
31444
24395
28017
3086
8698
25626
18051
18333
9024
11188
22443
32127
25035
31422
18639
5266
19797
21786
21781
18165
13519
5632
21157
6846
11338
20048
26544
21227
2583
23846
4273
27804
16173
30383
23538
31871
3788
3388
32338
139
26976
20629
9543
31217
28328
14224
10783
25423
23319
18402
2699
22311
25723
4148
19037
31377
18908
2170
8849
44
6823
19584
8586
22362
30988
25797
8351
23469
23460
4493
13014
6300
4695
19506
28911
30075
4733
29371
18085
23978
20035
20911
9520
14604
6992
44
16142
18618
27817
16947
12547
15353
25554
25926
15455
4458
32055
19253
30335
6273
23498
5941
4502
10040
30700
12594
8878
22533
13713
4966
2281
25609
9631
5675
23053
28042
30360
11789
30783
20131
22649
20516
13583
16442
22498
28833
9653
27955
29814
20390
3226
17891
30341
2139
31771
10184
18409
5694
5769
11639
21549
17594
3956
15061
13301
15612
21033
6538
10137
9730
29049
14771
9492
2804
17596
27351
32029
31672
22038
8477
23443
7105
1529
6844
10014
4903
2027
31154
1044
5629
7306
9657
32409
30175
11469
2679
8203
29130
10892
1525
29597
14384
23107
6994
15937
20300
27155
15801
28108
22452
31241
18320
852
23853
31139
29170
31965
10690
32400
24672
565
20248
30904
5299
22813
23036
26492
24405
25769
25662
29759
8113
13290
30914
5669
26856
25546
32212
8986
24262
22582
6588
29207
24308
4227
17810
29344
19055
6922
596
23954
824
27670
25654
25371
29262
7169
26681
31242
10713
20633
18431
13385
30632
21960
16350
15527
31709
10613
31539
25051
6119
32421
6905
21190
18865
31718
2714
28665
18201
14573
5892
22135
28068
16254
31744
1980
23152
5004
23487
21246
15978
1698
21686
25522
17088
23169
10669
6482
4506
30475
12306
3166
22277
14175
30866
25761
20015
4678
26091
25781
11994
8654
9723
20169
3851
20020
16669
1698
3330
8199
13238
5344
21871
32139
17931
28547
23011
22364
5718
11181
19333
2131
2328
31913
11782
27821
5040
9261
5847
29802
5421
14300
27801
13556
12641
24591
15061
15873
25142
29653
28141
13754
13126
5689
2898
29
23461
14531
14840
30112
10753
10049
12039
27927
30446
198
21204
7383
4475
16884
12815
5916
23049
17527
3902
26024
32605
22482
10345
2221
4595
22366
1303
23789
24981
24975
24698
11552
22829
5242
999
29334
19672
29588
9609
2333
28219
23229
8021
23077
23322
8829
4672
17186
31270
22925
18864
15154
6679
14233
29489
31744
1787
11588
32362
12776
2510
13677
14671
30556
1610
19376
31896
8070
11008
11312
31857
5166
26536
16532
4467
19167
7606
24144
3539
5445
16174
14886
29401
20698
20408
13548
6804
14786
31735
25999
10701
25842
15127
1112
24121
9624
11941
7022
3314
25015
13476
8349
25896
6674
24541
23637
19220
10572
19062
16886
24366
32333
30406
7498
1440
21992
12904
14675
506
14266
12174
25672
31527
14933
18584
29914
31648
21150
8678
13499
16863
12915
7658
21601
29975
31377
22401
19464
4642
17333
5763
19958
9403
17154
29336
11778
8429
3491
6222
25175
28875
16305
25705
374
2658
2647
18811
24954
8684
27956
13236
15520
19527
7936
24314
32518
9637
26995
21308
8627
20612
31842
31492
14040
24801
31788
2124
2901
1960
20308
7059
383
4720
28527
24880
2337
4965
16705
6373
22721
17797
14371
15287
19492
272
18599
13309
3092
21561
28287
23480
25440
5154
18843
13602
25893
31239
5778
4490
18508
8378
1603
6750
7252
30287
14524
28810
15185
30232
24411
22016
7477
16084
18994
5528
28751
22819
25776
7451
6929
16957
25982
32154
2838
3812
13736
17925
30052
14999
21245
27641
27630
30473
12728
14040
27741
4049
24928
24863
19471
13923
30956
25588
9568
19007
3627
8447
10793
29032
15459
24187
32647
5400
32313
18829
1758
5810
24272
29396
14365
20728
17973
31041
28995
14718
25851
22313
24354
13918
802
1432
25442
31790
13886
27113
7114
2095
17108
16787
28347
2759
11528
70
16637
22066
15477
21559
14527
9588
30557
17592
12760
20370
22786
7947
18259
15105
18259
9592
5675
9567
3019
13469
7507
4961
21399
21254
24313
32013
31479
24317
9996
2601
10214
20131
6908
29427
30717
13888
30401
22802
17813
2264
6942
11469
18476
18175
20775
29307
5130
4077
26369
31802
15651
18645
2537
27620
8512
20083
375
4415
7514
25829
12324
30836
12870
22971
32011
15555
23704
3153
2796
29556
9153
20573
24694
17169
9338
24260
26054
31442
6758
18610
23339
15961
11506
8425
11564
6559
897
20313
18892
4399
25798
17137
23308
658
25968
30134
2738
26890
27149
30482
13129
23171
40
28782
8809
20678
21173
22531
20536
4848
15792
17900
12337
21282
17664
8064
32548
21627
29345
3296
12926
11587
24578
27852
27851
31081
28332
15035
7033
4400
29733
6954
8671
6181
23828
564
13694
30804
2981
10339
20358
7611
29999
16838
22428
1535
17173
11075
27610
30814
31466
559
27159
31205
29144
23068
7785
20963
3906
1266
15081
12957
8872
8514
31926
23107
20683
25302
8765
16419
23570
18829
5815
8733
19501
14950
30450
1623
14584
11994
21333
1330
15522
28271
21279
28540
20750
1674
7407
9447
7289
29828
10377
11961
29022
13825
24023
29382
1430
13181
9518
4763
9412
14632
19667
19197
25072
29172
26558
26514
3186
6380
2461
7901
27666
21703
1052
27248
2157
29117
2404
12124
32667
28057
22497
19181
12302
2576
21321
22420
14781
22865
11994
15909
6786
30941
3299
26434
27073
28313
14213
8471
30539
23585
22203
3401
20866
31840
18328
11048
30397
8030
30928
21036
13806
6232
28794
12447
642
21014
24340
8855
16264
32121
25544
29991
17942
3668
26093
27094
10984
31356
10193
3664
1867
28451
30390
15452
18745
28769
7194
22030
20166
5908
29756
4670
20667
24810
19931
27961
24704
18108
30529
4533
32063
3358
7296
19979
1094
820
23292
27040
173
9159
11817
28324
7737
19607
6550
15360
17281
32755
13355
29577
5967
25736
30895
6266
30025
30583
32652
29217
5585
9386
1495
1752
27945
14695
25995
17207
1499
25893
25365
8584
23128
15519
29718
25979
29151
29480
25444
16412
17568
15934
30290
28673
11042
5985
30513
12744
23778
20518
18710
5313
16957
11399
26846
2023
7567
30589
32624
13077
20381
17873
26946
28790
15152
23342
22303
31294
3075
25980
27687
8343
25823
617
32023
7134
14597
17224
21706
20240
21708
8991
8704
3711
22923
8955
29279
16074
12473
135
24247
24587
14931
15069
19594
22866
14974
22940
26828
6227
19054
10811
16359
22875
20614
26525
5890
11145
17345
32741
27267
1338
15952
27787
13778
31941
9093
20656
26720
31081
23791
20910
11241
28803
29383
24052
24566
772
906
22033
28325
3875
24296
19470
24236
2639
18397
19713
18076
14184
8734
26847
1379
3374
3766
27794
25621
24826
15345
587
1260
10668
27769
11290
17293
28388
31167
19644
27276
14453
21916
12980
25139
4630
20281
22941
15487
30555
7980
21950
17004
15332
32483
7647
26226
17365
20294
10075
16464
8325
4760
2167
30216
25979
15774
5362
13867
18838
9220
10461
10070
26763
1020
5549
28925
14485
29992
25999
16743
2151
16058
26875
29946
6502
22746
17036
17081
10773
7496
25871
4619
1232
27458
14298
23998
26302
17064
21855
18507
21249
6750
6144
17756
9775
30194
26917
31883
32262
32382
1676
18797
18779
8912
12769
31951
5204
713
32399
17215
25815
10755
12757
21711
15170
23990
26908
21013
2909
477
31368
29302
16781
22932
17357
26533
10314
9925
23364
6758
16850
27907
22334
9368
27167
23478
8088
11378
21783
9081
32143
1293
15620
15040
24022
14370
21827
21950
30950
23830
21824
5510
21910
24883
12194
12912
23019
9529
18882
9662
24113
5141
18274
5759
30282
5872
16028
3508
25927
2667
26648
13746
28469
6441
8066
10439
32057
8079
18491
4896
18400
31943
27215
11242
31664
29963
7080
18872
3075
2336
2433
5669
10261
26400
13853
9402
1627
22653
16056
28946
31254
20803
15806
2107
1833
1181
7483
24928
26663
8859
28050
10661
15025
9010
5235
1875
17919
17029
26631
6197
4028
4706
2669
12098
13079
17680
6506
5499
11799
5448
1628
21015
6446
28545
10864
15838
32018
16497
27413
26067
15048
3280
689
277
14849
13919
16786
32263
20906
4649
23335
27311
7871
13320
4976
15452
15712
4972
24755
14988
6182
27992
21873
4364
16823
1965
26264
19809
3224
14763
25082
19303
21827
23989
10494
21816
12922
4180
917
31311
32730
24703
8048
25070
30387
21786
3953
7356
18711
27580
24415
14771
29489
29877
4061
8761
14040
28752
3741
397
30052
20821
32465
15205
23489
18642
26082
13782
5314
32539
4197
31347
30135
24080
17227
29369
22849
20638
3415
17323
7269
7049
19670
3257
29152
13160
15754
3558
32698
13297
8935
31018
31518
23670
25218
29461
13929
13744
8902
1718
21889
17596
16872
4283
7272
28515
14622
26073
3089
30110
16396
14447
16754
9305
17535
358
19162
9592
2654
28763
26501
4376
2014
9984
25966
9239
20980
17343
4452
16342
11536
32673
28000
5949
5640
25455
8470
11520
22354
22551
22730
1825
32375
5712
1637
15287
17860
14721
14536
15085
17987
31199
32096
31309
1514
20950
32762
25919
13841
4779
23769
14028
13866
11359
22790
8360
11948
11478
29928
25456
22608
14905
3348
15408
17280
3224
32102
19240
13324
10964
31313
22480
25888
28348
5235
5657
18803
5238
6765
20726
7104
22817
19697
7707
21370
27832
6429
32516
20924
15161
19719
4922
23167
20743
31385
16338
11791
24205
31903
28726
22208
7973
21022
21544
32476
10040
17383
16131
25313
23974
2157
3140
13289
9320
22996
11594
32362
29812
12874
17498
26911
28896
8858
28902
24646
13643
30462
12559
268
25465
7733
31848
22854
13373
1750
31741
20321
3996
26340
916
18076
28719
8610
12338
21364
5577
16297
20449
5216
19290
11575
30385
703
17427
13002
25853
20495
21451
23534
8943
9055
1698
16467
30022
19207
23524
25378
3927
13974
10288
7313
9810
19724
25305
16822
18887
29514
25228
32408
9577
22214
19763
5772
4113
20611
16154
32447
3078
29761
27984
1807
7291
8177
18257
1311
5209
8043
23521
13738
16959
14435
1339
18455
7623
12953
8299
18510
23052
12369
21497
23243
361
27395
10695
32496
32387
10323
60
19360
13961
31555
5794
23049
6330
9640
14541
21185
18216
11739
19966
20757
15548
31920
20231
4254
5243
6060
26543
6421
22023
19314
18263
23655
27497
23167
25822
31500
9229
1047
14787
8853
26894
30591
14473
14981
1717
1901
608
21346
12092
12733
8193
3084
6871
20325
16858
24909
26869
171
19307
7088
9922
10646
11760
20375
7921
4770
22080
9096
22202
439
12789
20680
23582
24412
4045
4651
18802
15401
24400
29994
8731
19066
5043
16694
27799
8299
11773
26956
11709
22016
12904
15306
10565
21411
3338
17537
2954
25812
10676
5387
24719
25372
17179
26462
31808
3394
11573
20130
14331
24258
7910
27200
10575
31611
16092
20284
13828
936
30648
7108
10587
25617
22382
26889
11926
30339
32238
3917
21691
1661
24324
28733
32662
3628
23420
15234
27133
16281
30091
24979
7512
11810
9322
10445
608
11303
2884
6341
28454
12549
5970
12253
22103
23368
18757
5909
31679
25372
11748
18468
21005
4357
18934
22984
26070
3280
32098
26202
31196
6346
8597
16549
14479
3375
26404
27384
7892
10213
14002
1146
1030
1130
6421
8382
25402
20492
27316
15767
18888
3672
24115
19246
3847
468
4691
31313
14679
3313
16147
17678
13413
7995
15900
25985
15530
723
29275
12010
9269
7711
21232
32002
21675
32192
7495
11664
12940
15044
29316
22583
17847
4381
25637
14482
19249
14930
13282
32387
5154
24693
19160
30919
22048
15701
11239
19918
20656
14836
25945
14026
27658
8764
17860
28935
13597
16621
22577
22906
23251
30682
27517
26268
4246
10325
10496
29817
31251
32744
32365
5891
1086
32070
24313
26285
20374
16768
8128
31541
4010
380
29540
2241
988
11172
18679
21294
28005
5595
4635
27557
9881
18357
13415
27759
16236
13543
10765
9994
17206
31740
5562
30844
2995
32074
19902
14311
17742
24101
8813
29534
2207
19538
25541
28407
11570
5566
27217
6689
14730
26736
10060
28472
5221
20157
10
29015
23362
15291
30868
15470
545
15352
29075
23444
8330
7787
32111
22942
4048
10666
4279
16368
16023
12638
4548
30611
23956
8180
2969
16520
18836
18582
2062
13148
22208
5466
21806
253
24863
26041
14813
25804
18012
12610
23998
31987
11466
17039
26707
31993
15269
7801
7014
28308
10395
27528
27816
29886
16010
28077
25241
17674
16780
27188
14503
19257
21553
2036
3738
11016
16907
32713
10031
5197
21360
12612
31235
7490
3707
28576
7347
5921
2388
6904
18242
4337
12721
22968
30651
31903
11677
1618
30999
10832
14713
9522
20832
3574
10048
30451
23319
801
25359
31443
3540
793
8420
30052
14892
297
6053
20357
15575
24893
28005
24977
27922
15536
14564
32470
19011
26975
15444
21833
11484
30466
15715
30071
32385
5820
7797
5823
15725
8432
7473
27583
20242
11607
23104
6924
26111
29007
3665
12326
32519
22646
4193
6315
14752
2936
4409
458
3977
22821
12344
10747
12208
13767
19794
31469
82
17586
15449
32704
3172
8220
15739
2933
24626
21295
24333
9123
6470
14941
11399
875
11659
15860
20175
19117
11698
6898
442
11644
1749
11802
720
14288
1882
30023
23887
31099
11035
15105
14195
11871
29379
8270
1269
14045
19067
30922
17105
29841
17351
11514
8269
24380
9898
5854
14647
26113
7697
3269
17774
28885
879
3685
24996
5681
3492
18475
21857
22793
26403
24784
31307
770
28500
17709
10406
28384
11063
26192
19735
22333
10571
7631
2989
32129
23726
11356
5153
15630
13189
1690
2909
24251
27806
25648
11836
16516
28756
17691
4497
9600
12467
24904
9066
16915
21725
13922
20886
22628
13228
10217
31076
30993
24985
25988
1198
15394
21981
2968
22550
1596
27350
12825
30352
11799
15787
23968
32289
5682
12595
1726
25062
3782
6163
11153
1367
5112
18983
8084
7373
15442
10532
3515
30530
27508
22651
24768
5464
7431
11392
1463
12701
23539
5323
15593
7694
14802
1502
27871
6874
23204
9737
11197
2664
26820
16779
29394
9882
1307
18938
12396
6996
1939
25829
11249
10808
9166
19895
28715
15284
17945
3806
12260
319
15515
22061
22707
3295
210
26751
18453
495
13633
30878
22207
17183
11106
25955
11827
16828
1506
8990
7314
21042
19213
21559
23217
10703
31624
21782
30830
27081
318
16193
25413
23427
2716
10180
15134
16908
9729
7382
26985
25832
12656
9913
11885
14356
29321
20450
6365
17732
27319
30810
7085
14959
15274
30820
13859
16781
12296
22112
25137
1440
15455
5103
15618
2289
3167
22104
7635
12444
28742
28203
3844
10574
16027
548
23919
2382
32287
24913
12792
21434
27649
16503
26981
16660
12881
26291
7793
28925
25271
3421
6683
26943
2405
30513
7748
1553
27722
689
15993
16279
19080
15301
15118
26793
12329
12453
4716
19157
12813
3576
15531
17319
9767
17982
17764
18215
11242
18539
14272
27556
6397
2516
4309
25264
7734
26447
11315
876
14534
8598
24249
18950
17329
30957
13230
28799
15746
11269
13
1202
5692
24095
16415
8082
6547
10356
29519
8627
18780
23253
27195
6412
15427
12175
15111
13307
21692
30353
20470
25993
25660
31697
17467
7920
3752
11499
780
16986
526
16907
23801
13036
22163
28174
1916
9731
10924
23012
15057
6589
20369
28473
25095
5308
6639
13908
4440
4902
10973
19263
14006
17648
17682
11816
14502
349
597
29447
30545
5057
32052
5249
25560
17803
17145
28172
8681
18818
8666
8533
26512
27727
10096
27359
3919
11836
25451
10732
4208
10811
17027
8096
20890
28202
5554
10596
2467
10325
6560
31369
8869
20029
4703
6445
21332
8344
20312
8803
25230
12440
11141
6542
18740
19056
24033
18190
9785
26901
11805
27167
14584
5953
24981
16893
21963
25022
29826
12877
2265
16097
29553
1720
23343
3925
2292
6617
28179
7193
5015
25433
24724
13772
22549
12632
13158
22825
9164
4367
7917
31950
29551
10932
3992
27713
29179
5278
15472
21556
25580
25002
3057
25608
21168
28381
15128
10385
3164
13387
31421
1049
19358
7479
30499
26535
7154
11131
32206
12673
19993
27179
13716
21743
4296
29557
7415
12098
413
3531
17074
11797
19030
9285
27794
10963
7749
7744
8327
8057
11263
23116
17403
6301
22357
20549
17762
2224
20357
7871
1043
24704
21937
1959
27222
4352
18319
8232
28094
23116
16995
14284
27065
3048
29226
15076
2149
6728
24856
5161
11685
11670
23365
20899
6261
3503
15012
4298
11898
3951
12084
30188
9693
26414
22394
13006
346
1162
15662
24726
4756
23399
2613
12520
30380
15925
2511
14928
16657
11634
18962
25568
18586
16495
29079
13338
19154
2902
7539
1808
22931
9836
23400
28617
18134
14996
5213
18663
713
14101
31500
14471
8226
5276
21243
11113
29363
18821
9133
2897
31807
21334
11289
13484
7053
31116
10843
28535
12730
11675
19370
28509
12755
11312
22666
7967
20132
17337
28994
15161
15050
25639
28305
32707
12048
23538
15005
28053
11000
26206
13868
27310
9111
28414
32278
16855
5286
11894
9467
17795
10199
1156
13617
6650
26213
13122
3840
27318
10479
24485
30482
3853
14726
31562
26917
25105
23557
31602
771
20917
12448
331
7092
26929
9408
22385
23282
23207
26127
26804
25821
19462
3022
5148
28144
27439
27247
554
19252
3414
17760
24417
21171
23979
21285
8197
8240
24378
18345
12579
4629
17936
22742
15057
4781
27552
29027
22455
403
25189
1517
26062
20843
27848
16458
21608
11727
23363
29978
4977
15756
5575
6046
2036
21775
21595
8142
10720
11546
19207
5797
12045
29116
19696
15552
26490
15743
10948
32551
11993
21731
20568
11883
5965
13835
26000
11249
12658
20663
30336
397
5534
31346
26320
5970
4710
29453
13413
31657
9316
3403
19773
29089
6968
20446
31899
14726
4045
8850
13157
18357
4062
23497
12234
23982
8888
16935
18471
14699
2881
22158
23852
20209
27449
31309
14139
16420
11200
17812
21264
1759
20248
8748
24999
1348
4013
32356
32602
28753
28754
11343
26187
18612
8654
16684
8193
21985
24983
2342
31318
22369
13789
25406
17296
24685
10954
6533
4558
4539
29961
2446
6566
9624
7557
12579
22540
567
6771
29495
4981
17993
31122
10524
30781
973
32689
21494
21574
7466
24947
624
13795
30843
31055
16045
29172
32042
7898
6274
21842
4032
841
8162
1389
32763
14129
25497
21555
7458
15762
18493
2868
25749
20500
19298
29188
32424
14480
1806
5089
32177
25554
2413
2198
4960
4510
21701
17567
12367
17904
7083
13454
16858
24456
3448
10158
561
30630
18167
19941
3755
28435
15200
19679
14430
19552
10634
12392
17132
20338
29020
14874
1439
24127
23941
21561
8889
11986
13676
11227
18693
21141
11114
13900
13234
1743
31544
9648
23649
28268
19619
4330
4989
6397
11911
21181
29387
31487
15866
25649
24130
15200
19912
13881
1820
31295
8736
20114
9517
29940
5260
11246
23156
11088
13350
13650
29936
27173
13834
14525
692
24329
18951
15626
27710
6488
10138
11031
2309
7288
26396
4647
25169
26465
31546
2949
6223
5468
24230
363
7525
31754
18956
23841
15299
27305
1608
24681
6459
28307
11990
11803
11602
16647
30857
17933
23959
16940
20608
30773
13363
9555
26455
4882
25794
12925
31898
20807
4961
16669
32383
19082
4616
20511
20948
27580
2075
24360
22070
14937
14395
27936
31364
26387
22626
16366
30099
29626
12335
22914
30499
28767
29054
15897
25874
5049
32572
28604
30928
13000
5754
17162
20755
23479
3519
28984
19404
6151
7843
2902
15449
6634
28057
13012
20988
22765
17421
15172
17036
25050
12463
6497
3434
24029
526
17233
27319
5349
20328
26151
15044
28493
960
5292
2506
15036
7986
21343
31708
13898
8836
9658
13593
10724
22781
183
4646
3313
29818
18067
17628
53
12222
12242
10557
7926
27402
17795
26285
27486
30445
20677
12639
23073
350
25482
16397
16736
22792
24219
18924
11980
31461
6365
8415
26894
7694
3026
15338
8295
12754
10594
17898
4755
517
16092
1156
9716
30106
2360
11100
16364
7029
24223
28551
23179
31098
4397
28482
7530
20970
28405
16868
32214
21231
837
17425
10801
25717
32044
29745
17558
2108
24378
29472
12476
43
23687
32039
31005
12008
1782
28460
3927
26277
12987
11301
27602
6717
13083
30419
20643
9343
21619
5036
13232
6601
14204
18201
5141
22490
29133
993
16071
18401
6050
24037
18039
1753
4827
5391
12986
26649
27464
19589
10854
1575
25635
16930
7487
21966
4830
6694
12499
28528
21280
4908
29858
669
15370
13917
8578
10211
31422
22500
26690
1256
13858
31649
5006
30391
24545
29218
274
13912
5811
16847
13795
11171
32223
12388
4634
25173
11774
165
26562
21860
8961
14413
30964
1168
19317
583
8512
2107
7430
288
11855
6010
21058
9661
11207
13420
13728
24137
9839
29387
7617
12658
10900
3264
32501
6613
427
14844
13825
13750
29495
32004
28704
7925
3309
23244
21575
32573
13846
12424
20909
13439
4662
7103
14219
6559
30443
10401
31264
18285
30999
15002
18681
25046
21825
25383
23151
17756
14137
6889
4209
10435
9467
4344
23172
1805
4310
1145
30983
26025
22222
23667
1468
19176
10558
29150
25988
30896
12482
16381
1898
16244
25427
28398
5347
32099
22196
27776
30548
7648
4622
1860
22229
11571
8919
16359
30261
21630
30967
17598
4158
20978
20014
19363
6714
16706
7344
15872
4022
18520
26899
27433
11141
31816
25451
13551
12808
4738
9140
27250
12461
12875
1392
17718
22198
31342
26256
15481
19260
3886
19864
8900
9331
17536
15103
16833
25647
14455
10708
26700
7591
29184
936
7884
10361
22479
2983
30148
1263
5017
1288
8869
21889
13700
6312
24295
4507
11228
15857
15703
21920
25351
11009
27059
29742
8635
4104
1652
11428
30062
8690
7403
10977
17166
14407
21391
13391
20467
591
24214
9761
22290
6009
24258
10456
32371
26365
8830
15628
16613
19137
32041
1385
8176
16762
10418
29176
12811
5139
25957
12447
24847
27218
19460
1772
27884
4793
1562
30990
1690
426
24716
25124
5971
19407
27761
25019
2048
8121
8739
17041
7409
711
14998
16031
14800
21834
13033
17495
8664
25062
11835
8491
2114
31804
10688
13646
1280
29381
14100
5310
16814
22529
12495
14722
29382
26322
7513
11056
28947
1570
13312
16307
1896
12236
14407
22859
18577
16058
8065
17877
394
26699
13471
9037
7151
25847
11847
28049
1204
3125
27430
6504
27414
26524
18566
24770
27601
329
18211
9282
31892
29058
29242
1529
11186
28568
15588
8565
2074
27154
18850
1274
17801
27143
20537
20495
28926
17868
5568
6972
18799
26320
10999
3347
4282
9923
25818
16493
26846
2046
17270
24566
4459
19743
15100
6892
6455
13299
4884
22307
22611
22426
20595
17485
17981
32229
23728
13432
87
21507
24659
24024
5272
24157
816
27079
25730
8126
1779
29962
13396
15287
28667
25942
14976
6210
12396
14354
17247
17061
2431
11871
15652
7065
5917
31318
16399
3756
14765
20880
26339
22756
21034
2284
2969
8869
1144
7564
15446
28884
29688
20257
31899
12605
11866
12137
9915
26162
14514
19190
403
13685
29390
20272
24181
24153
17607
20893
21349
23331
19159
7264
25992
12726
29546
9216
14297
14192
17272
2667
4638
19535
13585
21307
21531
20824
25658
11575
10501
24121
32247
29981
3897
31277
9641
21919
2094
23584
17562
10411
1192
30228
30679
32239
24879
20419
4158
27293
1728
29829
22743
1643
962
30837
5992
14815
12603
22735
31555
16841
14404
15261
28259
3089
3003
21139
31927
20914
10807
25911
17854
4615
15425
17989
11348
21318
25281
14417
14540
19530
18870
1454
24894
23445
21290
20367
11298
28565
28262
22636
24862
17446
28514
19879
15389
6489
31359
21616
22177
18291
22648
24038
15194
21561
18070
1662
22519
28011
5924
1193
16700
27791
13859
27313
32085
18415
26175
16356
18538
5349
18945
13557
1907
32598
3397
30623
23886
23165
17135
27019
5646
12010
19162
15988
23703
27082
21521
17801
28264
4456
20290
25107
16823
8948
25967
30551
20931
32132
18151
19390
1382
32344
26229
10035
25577
12898
29911
12493
3101
16645
12401
20398
8615
29726
23875
4907
9372
321
31001
26157
26446
30789
1
4566
5733
31490
21762
21352
1841
8793
8971
2403
16446
13429
18986
15342
28713
4177
11518
1144
18099
29306
29295
6303
25620
30487
3996
31825
21138
32038
11797
7985
15953
20232
16971
26940
24429
13376
26181
31404
19014
20600
19604
8988
6683
29636
24456
21486
10715
16427
24740
4586
20279
18532
7248
10791
19452
3037
1486
11823
27040
29698
20335
31582
29466
14011
21255
20875
247
16950
24222
15595
19371
5608
14696
22321
30757
11470
29944
9210
4774
23801
24240
3177
11218
20553
9596
15886
19464
31353
1984
28941
12527
12379
7566
22908
2385
17509
4893
18444
9005
19565
26486
15852
16391
29873
881
30698
899
1050
15584
13532
12338
30146
6666
15166
9900
19379
26971
25116
23263
32498
345
8499
13222
12476
15578
27731
2206
271
1908
24071
12853
11884
3638
30072
24579
25308
26773
27535
10590
21041
19881
25434
3112
3470
10650
31153
19948
12329
10069
30745
29481
18768
643
12008
16622
10154
13755
15018
31911
27072
22774
14532
24119
30651
17476
12119
26695
19055
19134
11367
6877
9113
8636
24637
13360
7013
18504
14089
29627
10036
722
13772
5008
32155
16165
7797
27631
31663
29849
8010
29975
28544
21642
4490
7004
27619
24330
2897
6522
2421
12243
18619
19753
14556
6015
12364
14833
2640
21756
30352
11840
3675
826
9470
16058
13276
3878
2082
3024
18258
18908
18684
1428
30551
27416
13731
8651
619
6126
32045
14404
29171
16828
25299
31081
1665
29020
11345
13076
14678
21150
20364
22436
30502
5109
9079
31567
30747
28272
6199
15290
22812
27116
14982
17862
23118
12681
1621
28077
26331
3162
19637
3407
18931
20065
12535
7366
13585
21946
274
14656
31616
26646
27974
3598
10013
1131
25343
21496
19038
31978
3836
23252
13203
27954
19120
20823
25964
24771
30953
16170
30908
15797
5551
25920
19324
18346
32111
30824
8467
20225
12121
27166
6101
24652
3846
13223
6089
2052
26974
22365
7855
32380
16569
3143
3393
20500
9284
18412
22970
21935
5799
6761
19349
4455
18404
4290
9367
17279
9858
4470
23311
19352
3052
26454
18781
10792
2068
28310
30385
13865
4187
6181
23829
23310
5557
14138
20654
29435
17928
19760
27710
4405
31958
18323
9966
20696
10012
25723
30539
31688
7802
12568
10126
7657
16275
22159
16160
22675
16311
10500
9565
2624
1472
11512
24985
7816
2617
1750
7264
6736
710
2248
17922
14398
23743
21199
1615
10608
19231
14611
22944
20077
27549
25720
32535
31835
18200
24945
7207
8819
12600
4377
14678
25523
19283
12416
31809
30930
11917
27202
17121
28281
324
9823
1038
5040
31659
3142
6465
11415
8116
27443
21918
15702
10292
31931
3634
342
29506
13734
30585
25266
27615
6396
31779
1512
14045
16738
28951
15829
9977
5287
19129
31712
15435
21915
14184
4213
13024
2080
17227
20405
25765
23427
26958
28267
646
3852
13671
11074
26840
1235
23582
6198
4852
30422
27468
6217
29221
585
30755
25975
11205
32045
28270
13035
674
18980
25882
16243
28583
7812
7158
27698
11704
28330
1719
11157
15581
29841
2367
23688
8355
1187
18719
26089
23999
9422
14426
9788
31477
6619
15724
2977
2360
24315
7306
26628
30483
15267
1580
21908
13127
27546
28361
16246
25270
3409
5089
25274
11647
19058
21057
23438
26475
28347
12675
4785
6024
24845
18644
7979
8979
12992
24826
28732
8091
14650
30613
21394
4196
26048
1956
11198
4874
20363
15180
27369
16230
9247
27349
9667
16053
29144
3318
21181
24055
198
31826
2424
8086
11707
13890
22141
4168
31649
30421
30510
25398
20241
22037
4605
6494
2082
19084
16091
14390
28287
13575
29683
21394
9149
22938
10905
28359
4075
27108
20605
30993
31850
1172
22821
26930
20735
20012
922
15452
10022
1798
10337
23633
10153
17044
9132
12489
26226
9195
12242
24596
12445
17283
17405
768
210
8760
19234
20477
3538
19861
18231
383
10063
6482
13472
31652
21761
4635
16874
29975
27638
3476
12219
10036
3626
31641
27913
18797
18519
23754
17291
23532
16910
583
10349
1401
13319
31416
1352
2207
6326
20625
3409
5130
19230
32148
29393
29236
2026
14231
4309
23617
1210
31367
23846
29735
4539
29613
13947
10769
31098
12848
25326
4358
4858
16603
21165
26309
14852
3361
31474
21236
8638
16222
23861
8570
13695
26720
3744
31786
31714
10278
21443
26529
12313
12775
9353
1905
1412
20823
11370
28031
18818
21797
6883
30889
22408
712
22563
1708
4976
30587
29192
32069
24083
6790
21833
28311
14361
1216
9973
23757
1808
338
21020
24832
12476
3005
7627
14683
174
28447
24382
637
3096
27314
7250
8222
2016
32661
12857
6390
17651
19407
21617
27098
18140
5777
30711
5161
10389
29115
32440
27494
17309
5282
14152
26150
19786
21520
1238
30253
24161
23437
17248
11220
6372
3037
15395
10414
24619
8906
15958
9578
22326
4132
12311
3835
6466
7173
11174
32503
24730
16985
31953
4925
4016
26526
4783
26843
20588
19177
14737
15919
15812
22826
12598
76
19341
17840
29502
18334
24721
3056
15841
2002
22241
16002
14049
30448
22125
18284
15037
28618
15825
32163
11304
21402
3442
13263
22457
12007
2250
9295
16356
9640
512
24189
25897
27308
956
6451
24203
17977
19769
3726
22084
28660
21660
17649
16055
16384
17284
26957
21414
31594
8674
7840
15269
16325
8971
26300
24015
21009
18699
2122
16311
21730
21052
5646
32674
10686
9496
31597
16115
454
11852
12844
4326
24984
25869
1402
16769
7285
27055
1585
2248
2719
29300
5209
32305
32517
31394
8686
24663
16418
26584
4834
1266
2083
6561
24166
1287
20552
5962
21862
31068
27532
20465
12882
23343
13448
8415
22052
23847
21141
5656
22175
20619
23089
6447
16852
27314
19620
607
15083
32443
15075
16344
21536
32638
4020
1879
18956
24001
17683
17913
1062
5808
2260
16977
32393
1671
5259
9400
248
21394
15529
23012
18207
1367
31463
957
32283
7186
30696
27755
15165
15457
22553
12212
20491
17217
20445
3717
8072
22073
17127
8398
22710
17365
29414
22931
14936
18518
360
4417
17404
2728
18680
2622
30777
26004
20874
9155
5174
20791
25626
12014
24683
179
399
6675
32428
2084
16613
26196
22883
7894
22667
7025
6173
20917
22282
11745
15688
14852
20200
2849
20794
3154
31180
16460
15990
5034
5858
28396
17195
27915
2177
1039
7166
5911
29964
26014
19465
10767
28438
2539
9764
19455
26825
11657
31587
13622
30344
7008
4832
22777
9427
15104
20154
1657
25963
22838
8797
5634
22455
24285
15876
30324
28775
27127
4989
12023
17495
31997
6188
10475
31414
14451
26707
22046
10855
21182
12177
1858
9895
16954
31400
1694
32497
19848
22147
19203
13854
30245
24695
22274
29905
28993
11209
6236
15122
8910
8304
23482
21817
20183
14109
10398
6158
29971
13945
6554
10286
2746
21933
1216
20657
1687
26664
2137
11529
29535
30364
20442
10797
31809
26954
9491
8952
10174
10112
8618
7115
13499
20576
5320
24954
19924
28898
28946
3942
1780
23325
22235
16614
22818
706
3735
29164
4254
745
1939
21221
24877
12560
12004
5088
5297
24928
12958
27379
2044
16435
1350
23002
27110
25812
13705
30434
28829
389
28205
15622
31037
21703
12873
10071
17825
16341
10673
7073
19576
9842
4533
26699
20379
31716
9739
22911
11422
8513
5641
10635
7076
30953
23063
20615
20600
21332
32101
30520
12762
6414
12249
4405
6935
22015
13388
25160
23517
2544
32501
29463
27212
25163
6181
14596
31568
16674
5941
30033
29999
13683
18877
3976
28766
18603
23303
28442
15001
17768
4036
6214
4146
23427
27133
4156
32682
17742
18764
19587
11134
21018
23371
12696
24131
31229
28749
25816
9461
24274
2124
30111
25485
24192
11299
8626
6097
6784
26365
14554
15984
6297
29710
25554
3662
24814
29825
21091
32285
15675
16817
5326
18477
32092
12187
9322
24709
25871
21396
24462
4402
9978
9015
31921
12511
4336
32674
14544
10150
19824
226
17681
13862
24174
5547
14245
13014
13654
19276
1010
12696
3151
20963
15858
18834
25789
4301
11478
27961
20233
24417
28912
2222
24484
13790
16591
23118
30025
27297
428
14725
13443
20380
16133
16354
23664
17411
17799
2161
22724
3656
25905
31045
13584
4682
7863
19284
21829
14282
16420
17544
6004
5406
13508
22546
17111
12841
3137
8450
26645
30602
32012
27412
5826
7700
26110
15821
3109
12926
4928
7623
16191
348
19048
30794
28168
32590
25060
27931
4092
376
26524
27289
20950
23090
6867
20485
32412
11776
15694
2594
31195
5316
32697
24062
12084
23346
3398
22031
6935
30853
31383
1409
20687
3184
7134
5583
8639
31064
1603
21137
18923
28352
16518
10133
17850
30725
26341
17712
13562
25419
17984
24278
28452
5303
12923
14313
11489
6623
7204
29391
27342
4478
10581
22087
27004
15213
21980
31997
28348
17614
24218
9052
11289
9354
31785
1955
28325
7167
12482
4155
31737
12274
11613
11336
16503
11723
4633
8830
13010
4353
3551
16949
4305
23763
8514
10944
22863
15929
2218
7419
10119
2586
4530
2852
21390
27583
24526
23276
31777
22408
25649
3533
23969
5597
3310
17309
6748
31336
28509
19300
22542
7041
29120
13931
22184
7658
14374
8597
25679
26813
22672
10482
21160
21922
6739
14738
20819
12613
17597
13719
20917
8200
16635
7822
22523
15093
4922
14848
23899
30966
28429
25667
10141
14408
27407
1430
14811
31789
6089
23918
17029
13025
32214
6154
10919
6096
18244
25165
10863
1542
6206
28621
1770
20199
23272
10024
23822
26912
651
26775
7677
3037
2546
8901
8328
2621
12564
10721
27634
770
15859
1265
8183
14478
17603
9578
7693
9483
15183
15614
22506
7913
23449
9654
26438
8589
6592
4160
21218
3655
12583
27786
9417
31109
3284
16528
13782
22599
3862
24946
21110
8659
31851
17097
7343
14762
3488
20539
20322
13754
27962
1357
18125
21717
9237
14201
29267
14690
14667
18049
4992
15443
2391
9986
28232
27735
6267
31564
20111
3408
25695
11889
1775
11271
30970
17820
19637
6686
19637
23460
5420
26183
10190
31457
22559
9396
6907
18751
23449
7119
18769
14992
27887
10538
2403
15655
11008
29369
8622
5282
17852
14399
9269
22279
22243
22790
11624
16403
14351
25043
2634
20174
31221
14105
2515
24931
24808
12141
32147
17199
2719
12858
11673
24856
8503
11958
17299
6176
16251
32532
28983
21049
27236
3068
21985
25948
17372
17464
26493
26837
23239
15536
25255
29921
15428
3224
1553
122
10800
14824
7461
20850
6893
18956
7660
12991
26209
19165
24111
25878
17473
26577
9180
32187
32655
24430
5290
10135
865
27909
18688
31371
9445
31388
1556
23812
20130
12076
25424
9167
28928
11533
24313
25647
23563
5294
9746
11309
26228
8073
4990
5424
1496
26454
10854
25805
15429
11647
4058
12256
32507
14037
18363
13276
31343
3969
14552
23135
22422
19261
15447
6922
26207
5572
15447
12175
20866
10118
9683
19979
16248
29345
12745
23959
1226
7181
18844
22809
19343
5398
2744
21601
21552
26896
11636
22385
13167
4934
21308
1051
12712
28979
32751
14802
12118
9461
17030
11194
13016
31742
20727
7425
886
11789
7000
14194
30111
2140
6728
12359
19572
22811
23691
12095
21643
12062
6132
11249
7148
16851
16776
13664
27488
5494
28896
22479
25836
12168
4815
5335
27544
28541
12101
8630
14452
24501
18035
24554
16605
4781
2352
17407
20989
24695
28828
7845
1425
6247
30979
31749
29679
31504
1028
3413
18247
4206
9714
20650
5161
11877
25210
27406
6983
17258
7302
26835
22653
14721
15714
22567
782
1383
22301
29160
25393
13840
17971
17593
8396
6228
5736
5717
28543
17125
12023
28451
15332
7812
2540
1035
15893
15988
31439
29321
5487
7471
18562
767
20886
4441
7788
25936
3257
3826
6360
7082
31512
2255
28823
1955
5059
1611
2541
19848
13988
16698
27307
497
29631
24606
23448
21913
22457
8350
14613
13165
24983
1587
14081
1251
1481
24869
7131
4237
25191
16822
14118
9966
2234
11164
5906
4492
32766
7605
16728
30790
25958
16887
29542
12520
19809
22950
11708
11517
18972
14793
3734
31205
15176
27614
16331
1831
19229
18125
31733
9992
15519
5147
28370
32092
28448
5472
29930
20636
15110
32251
32370
28985
3022
13572
6513
11056
23377
29570
26401
30175
29254
4830
152
22038
4617
8088
3751
9842
27547
1081
6403
14822
2025
24713
20642
3227
1361
24833
22888
30458
20066
10883
22275
5895
11747
11849
16660
25584
25623
31260
17039
8165
8512
22726
10340
7211
2402
22217
9055
876
9545
32593
24908
7762
25805
25960
16736
18004
5717
19817
10196
31439
30618
2743
13523
19544
17326
26030
25238
4689
25148
7642
20174
7866
7185
23655
13122
25674
30939
10969
20921
17086
10801
16894
22298
28018
10196
17696
31186
8238
24885
15742
22390
5698
10295
27134
21929
30677
14645
14108
2625
12666
1095
29478
28325
27140
7105
4779
25209
2716
27645
6449
16766
3344
8283
31270
4275
1134
22917
1561
1729
5074
6392
14378
29589
18300
1472
30655
19279
1061
28290
8825
22619
147
11456
29287
22749
32108
19801
5241
2899
12104
8783
823
28278
3849
8653
31154
14432
1135
13929
4795
18676
7911
25766
26708
7035
20644
27069
18276
31627
24561
14237
19375
301
710
29232
30724
6206
22681
20960
7864
5910
13942
3930
11860
10344
31058
15505
13963
3177
21149
12038
14703
30005
17174
24392
7396
622
14307
25014
20564
8230
32225
23692
31396
19711
32569
7966
17511
2960
32564
15966
4690
779
18512
23204
17392
4893
147
29359
19095
24342
6175
26599
11419
5194
1543
6116
18625
28599
18273
12084
28151
18152
21660
6489
6978
6169
276
12818
31735
26011
30948
7132
29742
24698
20731
24503
20852
9822
23923
14893
29632
5807
16926
14737
681
764
29025
4485
725
16030
3397
18366
24501
20888
24267
7692
15727
21186
22400
23956
10012
11559
20818
26464
27956
21675
162
11803
18502
11761
19610
32021
5101
11643
449
12430
13823
29203
4812
17200
1543
24170
23480
21725
18678
30208
6933
3755
5397
323
5541
2093
12862
15611
6181
4597
19020
6373
19307
2390
32208
18846
3761
6511
12550
12739
19505
3428
9479
26199
31730
6127
12607
21093
18657
13336
12578
15846
3107
832
31259
15332
4778
19556
28101
17376
24838
160
31838
31346
27006
26866
11129
27951
26720
24897
29938
17871
23189
17566
4647
14480
17016
28361
1893
12757
12009
30455
929
1811
14492
2002
26729
12013
27063
30914
3610
17566
17309
3179
6226
23192
22276
30839
28328
24682
8782
6805
11675
8167
10774
32449
9161
5509
9
6855
12130
10243
11255
25346
4059
847
11049
7274
32743
6822
31222
4046
11171
5629
23441
605
22288
11936
21541
5995
18631
16153
2340
32626
19688
2643
31708
6231
25684
32255
21067
25327
29724
29751
8756
29122
2361
14433
29298
13583
1149
21335
26253
18448
17097
25285
18571
9086
5505
32722
25864
22872
7997
30978
28041
15841
26817
25434
21774
8680
16944
18118
23270
587
17532
27065
14279
20670
1825
19
8478
14793
24083
16711
5796
3088
13300
10685
11826
9431
21643
27509
20950
1477
15218
20974
9254
30696
15118
7494
32468
24570
4036
6306
16259
10211
13162
28624
22233
24958
1276
2091
19926
1696
6289
24767
13668
31319
17293
15790
13359
12143
14615
8915
9910
6203
19150
24996
1443
17298
8631
15965
1623
19223
890
28763
10698
30397
30671
453
11666
14731
25139
21106
4929
27549
25567
16903
12788
25964
6650
17760
1577
24655
3086
27442
13265
16449
24249
5102
28327
10980
7845
24808
15551
4038
14265
7864
18274
1507
27793
12000
11801
8812
25132
13488
4104
11463
5093
2407
16253
21463
17317
15259
21449
18557
14934
7643
3407
24927
27803
10386
16346
11240
22462
13102
14132
3728
10986
18562
18932
24669
4250
6761
3735
6569
11345
22701
26322
551
8332
28455
21799
33
12532
28455
20663
27907
21721
10262
2903
4893
19932
13145
24037
14501
5867
30585
20189
23547
16243
26241
26407
1329
1744
31656
18739
20683
19465
15408
15944
6083
9658
16270
11801
22737
13905
715
13466
18153
4221
2858
18961
8452
16356
7179
12656
14115
18965
1039
8418
16529
15293
17789
22692
26473
5661
7653
7190
11609
12475
12547
16658
3493
25432
23269
18812
111
3107
27984
15130
17205
17964
23649
10662
2715
25627
7792
10018
363
802
17209
3692
14554
18992
1598
23570
28173
10600
24679
2407
18651
11729
23788
7639
30677
15695
13684
27255
19843
20178
31103
9184
17137
29389
17665
20030
874
16362
19023
12196
25988
30716
13119
15523
30045
31028
7563
13082
29731
20377
13943
22351
28890
31410
14772
1855
24153
15237
22403
6195
19094
32454
17950
12948
6948
14152
595
8192
29434
15543
882
16285
9590
649
26217
5294
23202
15154
21550
9060
18613
15255
10077
4086
9949
12998
5411
13300
15675
2532
23898
7640
13871
102
17909
11998
5335
22661
26015
19221
29906
10219
415
20406
30538
8371
767
17333
305
26256
18157
30359
11978
17484
20065
387
8300
21877
4352
24219
1155
30803
30529
2701
727
7196
16334
25700
27921
16235
21549
16293
22651
13039
20639
23703
1287
29792
17224
15074
13715
13752
26257
31323
23915
25759
23243
15903
18191
17959
8981
17887
6199
31417
27007
12666
22293
32336
20079
8913
21722
30948
18244
12759
8571
29482
20538
26343
27829
17274
30093
12123
30799
18192
30690
90
32671
15224
4066
7153
14415
19524
5416
11365
20577
10496
3165
10696
3441
14184
24737
15819
28986
13784
19501
6611
1884
25091
13367
29519
16477
30696
31766
6728
32237
7426
5031
24121
13422
3007
17647
13602
17843
4916
1282
22744
30984
16143
19491
20127
13427
15309
14636
3322
23354
19245
1073
13250
30117
23780
1120
2678
1541
8082
19755
14546
12021
7669
9898
28067
3808
15452
25914
26585
29892
10847
25707
5598
21045
7374
10521
16166
3748
25575
28376
27656
8161
12748
9366
32716
3039
9524
7291
14597
14264
27744
29460
3105
10224
5201
29105
3134
5630
22584
28683
22079
32520
1326
31018
12831
4079
17957
14214
24198
4747
27678
27757
15002
16440
1693
30372
16920
7569
24666
11345
4003
17275
13370
3096
22876
14694
11901
2437
7090
17615
3641
30890
26236
21001
31495
23817
69
23102
25340
8116
21478
27313
29915
28850
23643
12613
2696
22437
719
12867
6080
14250
8953
2904
28936
19073
10667
26589
32483
22254
424
2651
12616
9822
17079
3919
18259
32206
22261
19754
16187
7657
2671
30108
644
3696
14576
23570
8822
14559
3608
1406
14541
5710
2990
25942
16562
29845
18999
27615
31722
5811
10184
18859
14414
13425
22808
3168
2427
7490
4313
30908
19146
622
12617
17878
32131
11375
15364
7591
22349
8091
29724
1736
5353
29700
26219
7037
25888
25757
19496
12787
32762
22942
31673
22982
15921
29225
23496
21190
17637
20781
3225
24827
6545
12683
15259
8679
12862
1399
21821
18186
22007
9505
2306
22956
24956
20629
21464
27606
17467
2272
1190
23202
18811
1141
28452
1460
475
17103
16623
8201
24827
855
11485
32240
25465
9095
24717
1109
20767
10320
30787
7493
28506
30393
25843
21935
14318
32714
30876
2152
26601
25512
3288
14962
31445
20481
30640
3198
26162
7594
17076
26031
10532
29063
22604
15265
1128
25772
6985
7082
28300
30657
7359
22880
6240
21931
25623
1627
5544
10601
32096
5948
32275
2875
16870
23021
6769
18698
3846
8491
29216
3588
24384
18754
19655
11655
31118
31256
31815
5440
10996
19053
751
10900
15961
10337
27120
5950
9877
11063
23568
18746
3787
12888
22690
10722
17657
30107
4789
20568
13005
27331
20620
13091
22715
9290
24398
7453
32588
3421
28415
27020
4793
10023
27311
19343
23736
11090
8433
9404
4246
14283
20623
12039
23942
26566
28028
32229
31545
32259
12810
6834
25774
1103
20573
16464
13644
1101
22560
31250
23598
15734
9334
10712
6590
31839
26164
14715
31621
30522
7757
31595
19009
21408
7310
32406
7736
14734
22155
22924
3533
6061
10969
12513
10833
31958
25725
31955
16155
10965
4773
21037
1755
18029
2198
12908
19243
18589
6630
10015
8807
5410
26347
11412
16319
23101
19827
12208
2442
7606
20917
8991
27101
6945
5000
28590
3421
22368
9171
17396
1105
3433
20037
1848
31228
22602
11078
29583
30249
15978
3629
6981
23815
529
9139
23934
8503
23338
21671
3613
23588
32328
16612
21733
16531
5352
26241
2014
7035
2806
18759
1275
22294
21906
11880
20217
13368
5907
16493
29066
11744
17484
12145
28851
15116
12047
8589
18291
25298
6640
1939
14757
22189
14667
10751
32039
1813
17801
554
32316
26194
670
13249
17199
19857
24790
14966
13114
14392
6866
8181
17573
18807
29901
19994
22066
20511
293
20833
14265
15544
3606
8094
9744
15822
8392
14062
15917
30347
8588
10477
11151
907
7522
26153
5594
16875
16576
24023
4545
3235
28558
17861
6440
25622
7797
7824
20106
13288
20825
18455
3993
11024
25380
14895
6949
23086
31430
13721
20031
3102
20858
305
15518
3277
11850
1895
10306
21067
15061
26611
7254
15394
5456
20933
12123
23783
17355
14651
12419
526
27829
16023
17499
28162
30883
22704
13485
30838
333
6120
30629
2293
12761
5469
12850
8129
31837
25188
14767
24794
18591
3123
22723
21853
31
2013
23430
22287
6999
6788
9957
23098
5185
4553
24391
2488
25114
24712
25201
26957
25190
29635
6310
29242
21300
21467
24851
24078
17059
26118
7531
5056
6053
25085
8399
27387
6147
20469
1520
14777
4001
8913
12407
24595
32004
17046
32165
18007
26385
6943
26678
348
16407
786
9100
4370
31248
3858
29193
27997
12324
9526
15037
21796
2415
25786
8769
5029
14596
13813
10978
12299
16178
5771
8194
15170
20486
30180
20668
12298
784
13789
24007
6474
12394
9149
7837
29351
7927
32106
25052
30550
26601
22237
3308
21294
13190
29651
24290
27138
13099
27077
23204
10541
31889
7707
7246
5998
10831
29853
7637
5879
26016
16938
12011
3520
15719
22444
9250
26657
28272
14667
339
10656
249
21985
9025
8
24433
21166
11386
3259
19071
16206
14718
22600
20038
17895
8227
9280
7400
11175
15928
3910
29256
13678
7017
16230
25877
17607
25186
1704
18692
16669
30008
13796
1628
8492
8452
4567
2744
10421
13521
7799
14088
11894
32696
13444
28378
32345
31305
5472
11480
11244
7981
28960
16529
26897
14090
4835
6524
13559
7079
10082
17209
30536
13905
20937
30491
23460
15741
710
26340
335
30126
17887
9423
21286
31129
30984
19668
7128
19847
8821
21287
10834
16892
22701
7170
6779
27030
28896
16548
5666
9783
26490
9626
8756
4455
14072
17981
19507
17395
4346
22908
19427
16602
11674
13275
27975
1898
9469
2748
22219
4263
1831
31965
32707
15340
9748
1059
27412
28373
17924
13462
31281
27739
10262
27820
27722
10049
8984
23242
24000
5040
16030
31752
23515
15390
1105
30773
24767
7540
31626
32539
19356
3695
800
2819
10534
13894
32126
11388
24645
22158
760
17241
5901
27739
3679
18681
25584
27817
22482
4043
7986
8186
20952
7184
26782
24896
31916
31203
13688
17404
984
13431
31410
26024
23045
21153
18274
28243
18194
31894
25460
1163
7267
12021
18076
14463
892
7944
31631
10853
6862
13383
17267
28698
21712
15133
3476
32264
19794
13551
5976
5965
2319
26971
18549
2330
21377
7357
8033
13656
12025
4088
16907
12434
2798
11635
1736
30479
13461
1889
2448
32062
13747
2886
8554
8024
5552
3766
18981
13376
12524
6496
22089
18350
6742
4172
32077
16268
15162
9825
6666
28832
9562
13866
11632
26220
19265
26842
31096
25170
4820
20109
18521
22012
30250
19408
13311
23803
9885
100
441
31150
26145
2879
26162
6502
2773
20436
17826
9159
24792
8340
17477
6514
24158
29365
15117
1505
24067
32562
25748
18577
21343
29971
22100
31079
11738
8430
6682
27725
24001
11694
31672
6172
12186
25235
24314
25790
29109
634
12764
9364
6148
12383
20218
15637
21036
32032
25672
17080
18396
643
12803
3092
28510
12155
13800
70
12908
10663
5795
9364
21828
26652
25482
11600
21503
27492
31883
5630
10782
14022
13923
1209
14438
28360
3857
31954
15598
16627
1675
9403
4470
30934
28591
8995
9210
26190
19836
22371
23943
30980
4226
28953
27470
13622
18583
11026
7671
26043
7884
11630
21303
12097
11168
23294
7589
26842
32115
3569
7881
23991
25405
1968
18294
23602
20351
6150
29274
13842
26490
16260
3284
5643
4768
20772
16901
20101
7752
22316
23594
1439
18853
16213
20521
25202
19961
4653
10089
8090
14086
14778
15335
9971
8133
7008
31367
6816
10075
2308
8104
28498
12873
19826
8698
31686
19427
22524
16276
8592
15363
19300
24897
29464
9470
29693
18459
31458
15831
26892
14684
2066
31923
23924
7280
9263
17805
25491
16207
5671
28971
10343
13577
5779
16465
27125
674
6461
3892
11499
3617
20447
23857
30084
996
18990
31935
1964
9782
22295
32675
29285
15140
2889
13155
27241
3212
4339
16892
14352
11894
9423
19159
15477
32679
25695
2042
20948
6260
20855
21372
2871
7125
12027
8507
5970
7866
6890
16593
19115
6562
2459
31683
5374
6249
1607
25596
26079
7265
23752
26234
17569
25765
4256
30280
8055
4266
17725
25516
5593
20759
31612
13217
16937
6871
18539
2951
18071
4204
26963
1306
8514
5510
22774
32417
2975
16596
18965
15207
26911
8218
11061
26735
2316
644
6051
22884
16308
15674
22966
4559
6858
7732
25172
28301
13577
336
22967
895
27930
15265
11633
387
952
20746
16302
14499
25874
10252
7098
2701
8561
12253
21443
24899
22810
11450
27615
32276
8054
7805
30289
13515
6512
30066
17672
26406
23327
2407
21608
21642
18597
1794
21325
4596
32343
18264
27725
15923
1054
17850
13374
18005
20508
10194
25080
20063
23699
3056
13148
4673
21763
4510
9110
21256
7827
20602
22174
9302
16306
12613
24069
11791
27390
23863
15086
13910
12645
14229
16731
1976
8074
5510
16554
1958
19050
10275
5471
4393
3903
19661
2083
26577
2725
14275
7693
22255
2811
11507
15905
20739
524
15121
20502
9080
14830
11495
14429
4751
20779
9452
21854
29082
16927
5911
25093
2922
31137
5365
24957
28426
16614
8186
30779
29870
32417
30229
22079
3814
4975
3206
5782
15383
21875
11508
14372
11308
28477
26810
5024
28297
9713
22147
29408
15424
19109
19990
11607
12936
23306
5747
28124
4459
5455
14878
1452
21182
834
30139
28851
11606
16569
29915
28423
22649
304
20758
22454
9107
6323
1882
2241
13866
3071
22402
6248
3092
27620
16938
11176
488
32749
6338
5635
1458
1091
21474
9855
16363
32463
9181
17905
18600
28575
28569
19067
15633
24715
13726
9300
18709
6168
876
18375
31068
29596
30482
30847
27005
11427
32508
23041
8818
3474
19469
27002
15689
22922
10734
17595
7707
27535
12709
25218
23362
20714
2665
8187
9415
25291
11444
18310
16410
9011
23451
29883
27654
24849
18523
31147
16611
26540
5172
10601
24846
15680
9338
11210
3478
13548
31977
15976
29496
22475
5177
1773
17294
26978
22258
23182
28291
2874
19586
7893
4106
17357
4748
10148
26128
27815
8836
13943
25262
19397
5497
32489
11940
23617
23089
21626
12291
2609
4475
25999
26921
26060
1217
10170
17394
4558
27357
22844
7469
28958
28461
15304
9293
22446
12010
27786
25441
17059
8373
32104
839
23479
6771
13192
8220
19419
26971
3858
16886
8480
12365
55
19926
19415
102
28018
728
30455
24529
28429
22445
16320
13024
25576
19531
4254
15195
17270
995
9040
8728
20744
15124
28233
16075
5198
28254
343
4640
15130
17625
5506
9735
18536
4903
21559
18511
13468
2727
6566
21367
25354
26859
13928
31169
4283
15213
29797
18055
8302
2941
25333
18898
26590
1662
11845
8745
25155
30290
1533
22695
27675
7699
22303
17233
27690
20228
23858
24998
3520
18887
20129
26487
28730
16336
10334
27128
28619
2329
23754
25368
27517
25111
27097
32526
11378
17902
6769
26676
21104
14561
30484
1305
27037
5900
10687
23761
3462
15189
22802
5520
15718
4768
16048
16760
17830
28482
31977
28078
25248
12472
30615
10163
168
5018
13381
27890
15693
15818
1431
14485
3548
23281
1510
9117
12070
23852
9514
19250
17027
13826
19997
28983
15383
7066
26269
2850
1620
11818
12114
13067
32448
4531
18066
12034
12281
20460
21121
678
27894
5755
5757
16116
12687
9579
30649
1116
27712
475
13607
27418
5418
16627
22172
17859
13914
32541
5935
29214
18766
22385
20194
11318
3509
28528
8068
6061
15735
27382
26837
29523
16885
23658
18412
10999
20114
1336
9686
15230
1138
31361
6528
7474
898
529
8406
10332
3256
15249
29997
10260
6556
27133
32478
3928
3335
29017
11316
1116
24874
23712
12169
13857
30419
32766
26795
12361
27116
2878
32133
8490
3908
8326
26107
17953
32659
17218
28437
29224
21432
13150
31072
25259
30276
2232
30353
22168
11836
8917
27244
7094
18203
16595
29412
1591
31255
21918
7044
1680
31909
27751
13
20872
22591
12626
609
20111
28517
29295
6047
16466
21474
11500
28816
23436
21072
31369
322
16415
22238
29515
11250
2147
3921
22389
4911
25278
28233
5556
22333
26997
29638
410
17080
11457
24298
20045
10873
8998
11521
8577
1214
29696
2494
21155
31620
20575
5319
10839
32312
19988
8309
13861
5775
30988
19924
1135
1203
3805
10738
23719
26271
6303
12374
18367
28364
22269
22222
31968
28173
13451
1646
1630
13495
12891
9685
13036
3846
715
6322
9996
24764
18080
22663
8906
9227
8281
2733
20394
20405
4541
14233
10975
26738
22455
1885
24509
16786
14435
10097
9841
12515
30569
15796
31472
14805
25738
3246
16429
29660
14456
11544
9103
12310
13291
158
21666
8750
13553
16867
25869
4224
13957
21958
25796
20350
28260
16868
3710
3154
32028
27741
6250
10949
25702
2268
32029
14943
14261
22225
20687
18127
15119
5377
30408
1934
25628
20033
19221
12992
29053
25470
5247
30555
3166
30465
21182
25226
10319
7409
15593
13396
5455
29978
1073
26489
30762
4588
11983
28828
7430
20679
7995
30887
22584
1910
7071
5740
26972
11001
27019
19336
5284
21383
20970
18573
26224
16851
8501
15456
21791
18831
30694
13023
13605
17710
32560
18119
13150
30447
21997
10965
18851
31511
18904
20012
24986
12157
12540
8183
6610
13388
30572
13903
24847
27141
13621
23647
23522
4291
24721
19398
18557
27843
28765
5436
21702
5155
717
31865
6826
18922
23647
19283
14004
2633
21261
24614
11486
11297
31175
31608
4007
15300
8224
4317
7525
29440
31304
7961
18397
29274
1338
21381
23057
8087
31542
31924
12377
19841
27762
4181
14005
4327
20493
18523
8546
26342
8516
7004
5035
4199
23784
5175
10498
18153
29455
19706
5199
11905
267
4355
18824
10526
26520
27237
25986
28434
4441
7821
18439
4302
32134
24101
5160
17901
25311
11320
2772
11637
32484
16535
29610
25433
25927
27004
2060
3906
25506
12398
5237
20622
19814
18020
17420
11161
17427
31533
19065
23612
20399
17423
24567
12692
23409
5551
17322
22277
27325
5424
14388
11902
6741
25759
11907
8190
16845
3727
4844
599
18751
21760
28798
306
1857
26502
24208
9299
15124
17575
27805
23582
30494
19076
82
14170
3994
15036
23012
9782
24975
13709
12967
28297
1534
28732
10717
13662
17760
10935
29643
16816
24400
10362
32531
23666
31364
12463
1085
29139
20737
22937
13207
22463
27791
9010
30015
23977
1899
9491
28542
2440
25917
21397
18263
9759
14409
8246
20320
1666
26345
31038
6353
8918
17723
27810
6875
29272
5911
29224
25659
9889
28228
8396
2830
11304
14571
21346
20199
5128
5195
126
8479
19203
14255
18833
1900
16839
2973
1364
