1
8
9
10
13
13
19
29
31
33
33
40
43
44
44
49
53
55
60
69
70
70
76
79
82
82
86
87
88
90
100
102
102
111
122
126
135
139
147
147
152
158
160
162
165
168
171
173
174
179
181
183
183
188
198
198
210
210
214
217
226
240
240
247
248
249
253
267
268
271
272
274
274
276
277
288
293
297
301
304
305
305
306
314
318
319
321
322
323
324
329
331
333
335
336
338
339
342
343
345
346
348
348
349
350
355
358
360
361
363
363
374
375
376
380
383
383
386
387
387
389
394
397
397
399
399
403
403
410
413
415
424
426
427
428
439
441
442
449
453
454
458
468
471
475
475
477
488
495
497
506
512
517
524
526
526
526
529
529
529
545
547
548
551
554
554
555
559
561
564
565
567
583
583
585
587
587
591
595
596
597
599
605
607
608
608
609
617
619
622
622
624
629
634
637
642
643
643
644
644
646
649
651
652
658
669
670
674
674
678
681
689
689
692
703
706
710
710
710
710
711
712
713
713
715
715
717
719
720
721
722
723
725
727
728
745
751
758
760
764
767
767
768
770
770
771
772
773
779
780
782
784
786
793
800
800
801
802
802
816
820
823
824
826
828
832
834
837
839
841
847
852
854
855
865
874
875
876
876
876
879
881
882
886
887
890
892
895
897
898
899
903
906
907
916
917
922
924
929
936
936
952
956
957
960
962
973
984
988
993
995
996
999
1010
1020
1028
1030
1035
1038
1039
1039
1041
1043
1044
1047
1049
1050
1051
1052
1054
1059
1061
1062
1073
1073
1081
1085
1086
1091
1094
1095
1100
1101
1103
1105
1105
1109
1112
1116
1116
1119
1120
1122
1128
1130
1131
1131
1134
1134
1135
1135
1138
1141
1144
1144
1145
1146
1149
1155
1156
1156
1162
1163
1168
1172
1181
1187
1190
1192
1193
1198
1199
1199
1202
1203
1204
1209
1210
1214
1216
1216
1217
1226
1232
1235
1238
1251
1256
1260
1263
1265
1266
1266
1269
1274
1275
1276
1280
1282
1287
1287
1288
1289
1293
1294
1299
1303
1305
1306
1307
1311
1326
1326
1326
1327
1329
1330
1334
1336
1338
1338
1339
1345
1348
1350
1352
1353
1355
1356
1357
1361
1364
1365
1367
1367
1378
1379
1382
1383
1385
1389
1390
1392
1398
1399
1401
1402
1406
1409
1412
1425
1428
1428
1430
1430
1431
1432
1439
1439
1440
1440
1443
1452
1454
1458
1460
1463
1468
1472
1472
1477
1481
1486
1493
1495
1496
1499
1502
1505
1506
1507
1510
1512
1514
1517
1520
1525
1529
1529
1533
1534
1535
1541
1542
1543
1543
1553
1553
1556
1561
1562
1563
1570
1574
1575
1577
1580
1585
1587
1591
1596
1598
1603
1603
1607
1608
1610
1611
1612
1615
1618
1620
1621
1623
1623
1627
1627
1628
1628
1630
1630
1637
1640
1643
1646
1652
1657
1661
1662
1662
1663
1664
1665
1666
1671
1671
1674
1675
1676
1680
1687
1690
1690
1693
1694
1696
1698
1698
1698
1704
1708
1717
1718
1719
1720
1726
1728
1729
1736
1736
1743
1744
1749
1750
1750
1751
1752
1753
1755
1758
1759
1770
1772
1773
1773
1775
1775
1779
1780
1782
1787
1791
1794
1798
1805
1806
1806
1807
1808
1808
1811
1813
1820
1825
1825
1831
1831
1833
1841
1848
1852
1855
1855
1857
1858
1860
1867
1875
1879
1882
1882
1884
1885
1885
1889
1893
1895
1896
1896
1898
1898
1899
1900
1901
1905
1907
1908
1910
1913
1916
1934
1939
1939
1939
1940
1949
1955
1955
1956
1958
1959
1960
1964
1965
1968
1969
1976
1980
1984
2002
2002
2010
2013
2014
2014
2016
2023
2025
2026
2027
2036
2036
2037
2041
2042
2044
2046
2048
2052
2060
2062
2066
2066
2068
2074
2075
2080
2080
2082
2082
2083
2083
2084
2091
2093
2094
2095
2107
2107
2108
2109
2114
2122
2124
2124
2131
2137
2139
2139
2140
2147
2149
2151
2152
2157
2157
2161
2167
2170
2177
2198
2198
2206
2207
2207
2207
2208
2218
2221
2222
2224
2231
2232
2234
2241
2241
2248
2248
2250
2255
2260
2263
2264
2265
2268
2272
2281
2284
2289
2292
2293
2306
2308
2309
2316
2319
2328
2329
2330
2333
2336
2337
2340
2342
2352
2360
2360
2361
2367
2382
2385
2388
2390
2391
2402
2403
2403
2404
2405
2407
2407
2407
2413
2415
2419
2421
2424
2427
2431
2433
2437
2438
2440
2441
2442
2446
2448
2454
2459
2461
2467
2482
2488
2492
2494
2505
2506
2510
2511
2515
2516
2532
2537
2539
2540
2541
2544
2546
2548
2551
2568
2576
2583
2586
2594
2601
2609
2613
2617
2618
2621
2622
2624
2625
2633
2634
2639
2640
2643
2647
2651
2654
2658
2664
2665
2667
2667
2669
2671
2678
2679
2696
2699
2701
2701
2704
2714
2715
2716
2716
2719
2719
2720
2725
2727
2728
2733
2738
2743
2743
2744
2744
2746
2748
2754
2759
2772
2773
2775
2793
2796
2796
2798
2804
2806
2811
2819
2830
2837
2838
2849
2850
2850
2852
2858
2868
2871
2874
2875
2877
2878
2879
2881
2884
2886
2889
2897
2897
2898
2899
2901
2902
2902
2903
2904
2909
2909
2922
2933
2936
2941
2949
2951
2954
2960
2968
2969
2969
2972
2973
2975
2977
2981
2981
2983
2989
2990
2995
3003
3005
3007
3019
3022
3022
3024
3026
3037
3037
3037
3039
3048
3048
3052
3056
3056
3057
3068
3071
3075
3075
3078
3084
3084
3086
3086
3088
3089
3089
3090
3092
3092
3092
3096
3096
3098
3101
3102
3105
3107
3107
3107
3109
3112
3123
3125
3134
3135
3137
3140
3142
3143
3144
3151
3153
3154
3154
3162
3164
3165
3166
3166
3167
3168
3172
3177
3177
3179
3180
3184
3186
3198
3206
3212
3224
3224
3224
3225
3226
3227
3235
3246
3254
3255
3256
3257
3257
3259
3264
3269
3277
3280
3280
3284
3284
3288
3295
3296
3299
3308
3309
3310
3313
3313
3314
3316
3318
3322
3325
3330
3335
3338
3344
3347
3348
3358
3361
3366
3374
3375
3388
3393
3394
3397
3397
3398
3401
3401
3403
3404
3407
3407
3408
3409
3409
3413
3414
3415
3421
3421
3421
3428
3429
3430
3433
3434
3441
3442
3448
3452
3462
3470
3474
3476
3476
3478
3488
3491
3492
3493
3503
3508
3509
3515
3519
3520
3520
3531
3533
3533
3538
3539
3540
3548
3551
3558
3569
3574
3576
3579
3588
3598
3603
3605
3606
3608
3610
3613
3617
3619
3626
3627
3628
3629
3634
3638
3641
3646
3650
3655
3656
3662
3664
3665
3668
3672
3675
3679
3685
3692
3695
3696
3707
3708
3710
3711
3717
3722
3726
3727
3728
3734
3735
3735
3738
3741
3744
3748
3751
3752
3755
3755
3756
3761
3766
3766
3775
3782
3787
3788
3805
3806
3806
3808
3812
3814
3826
3835
3836
3840
3844
3846
3846
3846
3847
3849
3851
3852
3853
3857
3858
3858
3862
3875
3878
3880
3884
3886
3892
3897
3902
3903
3904
3906
3906
3908
3910
3917
3919
3919
3921
3925
3927
3927
3928
3930
3942
3951
3952
3953
3956
3969
3972
3975
3976
3977
3992
3993
3994
3996
3996
4001
4003
4007
4009
4010
4013
4016
4020
4022
4028
4032
4036
4036
4038
4043
4045
4045
4046
4048
4049
4058
4059
4061
4062
4066
4075
4077
4079
4086
4088
4092
4104
4104
4106
4110
4113
4132
4146
4148
4155
4156
4158
4158
4160
4168
4170
4171
4172
4174
4177
4180
4181
4187
4193
4196
4197
4199
4202
4204
4206
4208
4209
4213
4221
4224
4226
4227
4234
4237
4246
4246
4250
4254
4254
4254
4256
4263
4266
4273
4275
4279
4282
4283
4283
4290
4291
4296
4298
4301
4302
4305
4309
4309
4310
4313
4317
4326
4327
4330
4336
4337
4339
4344
4346
4346
4352
4352
4353
4353
4355
4357
4358
4364
4367
4370
4376
4377
4381
4393
4397
4399
4400
4402
4405
4405
4409
4415
4417
4440
4441
4441
4445
4452
4455
4455
4456
4458
4459
4459
4463
4467
4470
4470
4475
4475
4478
4485
4490
4490
4492
4493
4494
4497
4502
4506
4507
4510
4510
4512
4530
4530
4531
4533
4533
4539
4539
4541
4545
4548
4553
4557
4558
4558
4559
4566
4567
4576
4582
4586
4588
4594
4595
4596
4597
4600
4605
4612
4615
4616
4616
4617
4619
4622
4625
4629
4630
4633
4634
4635
4635
4638
4640
4642
4646
4647
4647
4649
4651
4653
4658
4662
4670
4672
4673
4678
4682
4689
4690
4691
4695
4703
4706
4708
4710
4716
4720
4733
4738
4747
4748
4751
4754
4755
4756
4760
4763
4768
4768
4770
4773
4774
4778
4779
4779
4781
4781
4783
4785
4789
4793
4793
4795
4812
4815
4819
4820
4827
4830
4830
4830
4832
4834
4835
4844
4848
4852
4852
4858
4860
4860
4865
4874
4882
4884
4893
4893
4893
4896
4902
4903
4903
4907
4908
4911
4916
4922
4922
4925
4928
4929
4934
4949
4960
4961
4961
4965
4966
4972
4975
4976
4976
4977
4981
4987
4989
4989
4990
4992
5000
5004
5006
5008
5015
5017
5018
5024
5029
5031
5034
5034
5035
5035
5036
5039
5040
5040
5040
5043
5049
5050
5056
5057
5058
5059
5066
5074
5088
5089
5089
5093
5101
5102
5103
5109
5112
5112
5128
5130
5130
5139
5141
5141
5141
5147
5148
5153
5154
5154
5155
5160
5161
5161
5161
5166
5171
5172
5174
5175
5177
5185
5185
5194
5195
5197
5198
5199
5201
5204
5209
5209
5213
5216
5217
5221
5235
5235
5237
5238
5241
5242
5243
5247
5249
5259
5260
5266
5272
5276
5278
5281
5282
5282
5284
5286
5287
5290
5292
5294
5294
5297
5299
5303
5308
5310
5313
5314
5316
5319
5320
5323
5326
5335
5335
5344
5347
5349
5349
5352
5353
5362
5365
5374
5377
5378
5387
5391
5397
5398
5400
5406
5410
5411
5416
5418
5420
5421
5424
5424
5426
5426
5432
5436
5440
5440
5442
5445
5448
5455
5455
5456
5464
5466
5468
5469
5471
5472
5472
5487
5493
5494
5497
5499
5505
5506
5509
5510
5510
5510
5520
5528
5534
5541
5544
5547
5549
5549
5551
5551
5552
5554
5556
5557
5558
5562
5566
5566
5568
5572
5575
5576
5577
5583
5585
5593
5594
5594
5594
5595
5595
5597
5598
5608
5616
5629
5629
5630
5630
5632
5634
5635
5640
5641
5643
5646
5646
5656
5657
5661
5666
5669
5669
5671
5675
5675
5681
5682
5686
5689
5692
5694
5698
5699
5705
5710
5712
5716
5717
5717
5718
5733
5736
5740
5747
5754
5755
5757
5759
5763
5763
5769
5771
5772
5775
5777
5778
5779
5782
5794
5795
5796
5797
5799
5803
5806
5807
5808
5810
5811
5811
5813
5815
5820
5823
5826
5847
5854
5858
5867
5872
5879
5890
5891
5892
5895
5899
5900
5901
5906
5907
5908
5909
5910
5911
5911
5911
5916
5917
5921
5924
5925
5926
5935
5941
5941
5948
5949
5950
5953
5962
5965
5965
5967
5970
5970
5970
5971
5976
5982
5985
5992
5995
5998
6004
6009
6010
6015
6024
6045
6046
6046
6046
6047
6050
6051
6053
6053
6057
6060
6061
6061
6077
6080
6083
6089
6089
6096
6097
6101
6116
6119
6120
6126
6127
6132
6134
6144
6147
6148
6150
6151
6154
6158
6163
6168
6169
6172
6173
6175
6176
6181
6181
6181
6181
6182
6185
6188
6192
6195
6197
6198
6199
6199
6203
6206
6206
6210
6214
6217
6222
6223
6226
6227
6228
6231
6232
6236
6240
6247
6248
6249
6250
6259
6260
6261
6266
6267
6269
6273
6274
6282
6289
6297
6300
6301
6303
6303
6306
6310
6312
6315
6319
6322
6323
6326
6330
6335
6338
6339
6341
6346
6353
6360
6365
6365
6372
6373
6373
6379
6380
6390
6392
6396
6397
6397
6403
6412
6414
6421
6421
6428
6429
6431
6434
6440
6441
6445
6446
6447
6449
6451
6455
6459
6461
6465
6466
6470
6470
6474
6482
6482
6488
6489
6489
6494
6496
6497
6502
6502
6504
6506
6511
6512
6513
6514
6522
6524
6528
6533
6538
6542
6545
6547
6550
6554
6556
6559
6559
6560
6561
6562
6566
6566
6569
6588
6589
6590
6592
6601
6610
6611
6611
6613
6617
6619
6623
6630
6631
6634
6639
6640
6650
6650
6652
6653
6666
6666
6666
6667
6668
6674
6675
6679
6681
6682
6683
6683
6686
6689
6690
6694
6714
6717
6728
6728
6728
6736
6739
6741
6742
6748
6750
6750
6751
6758
6758
6761
6761
6763
6765
6769
6769
6771
6771
6779
6784
6786
6788
6790
6793
6804
6805
6816
6822
6823
6826
6829
6834
6844
6846
6847
6855
6858
6862
6866
6867
6868
6871
6871
6874
6875
6877
6881
6883
6889
6889
6890
6892
6893
6896
6898
6904
6905
6907
6908
6922
6922
6924
6929
6933
6935
6935
6942
6943
6945
6948
6949
6954
6968
6972
6978
6981
6983
6985
6990
6992
6994
6996
6999
7000
7004
7004
7008
7008
7013
7014
7017
7022
7025
7029
7030
7033
7035
7035
7037
7041
7044
7049
7053
7059
7063
7065
7066
7071
7073
7076
7079
7080
7082
7082
7083
7085
7088
7090
7092
7094
7098
7103
7104
7105
7105
7108
7114
7115
7119
7125
7128
7131
7132
7134
7134
7148
7148
7151
7153
7154
7158
7166
7167
7167
7169
7170
7173
7179
7181
7184
7185
7186
7190
7193
7194
7196
7204
7207
7211
7240
7246
7248
7250
7251
7252
7254
7260
7264
7264
7265
7267
7269
7272
7274
7280
7285
7288
7289
7291
7291
7296
7302
7306
7306
7308
7310
7313
7314
7316
7322
7343
7344
7347
7356
7357
7359
7366
7371
7373
7374
7382
7383
7396
7400
7403
7407
7409
7409
7415
7419
7425
7426
7430
7430
7431
7451
7453
7453
7458
7461
7461
7466
7469
7471
7473
7473
7474
7477
7479
7483
7487
7490
7490
7493
7494
7495
7496
7498
7507
7512
7513
7514
7522
7525
7525
7527
7530
7531
7539
7540
7541
7557
7563
7564
7566
7567
7569
7589
7591
7591
7594
7605
7606
7606
7611
7617
7623
7623
7627
7631
7635
7637
7639
7640
7642
7643
7647
7648
7653
7657
7657
7658
7658
7660
7669
7670
7671
7677
7683
7687
7692
7693
7693
7694
7694
7697
7699
7700
7707
7707
7707
7711
7732
7733
7733
7734
7736
7737
7744
7748
7749
7752
7757
7758
7762
7779
7785
7787
7788
7792
7793
7797
7797
7797
7799
7801
7802
7805
7805
7807
7812
7812
7816
7818
7821
7822
7824
7827
7837
7840
7840
7843
7843
7845
7845
7855
7863
7864
7864
7865
7866
7866
7871
7871
7881
7884
7884
7892
7892
7893
7894
7896
7898
7901
7910
7911
7913
7917
7920
7921
7925
7926
7927
7936
7944
7945
7947
7961
7966
7967
7973
7974
7979
7980
7981
7985
7986
7986
7995
7995
7997
8010
8021
8024
8030
8033
8043
8048
8054
8055
8057
8064
8065
8066
8068
8070
8072
8073
8074
8079
8082
8082
8084
8086
8087
8088
8088
8090
8091
8091
8094
8096
8102
8104
8113
8116
8116
8121
8126
8128
8129
8133
8142
8161
8161
8162
8165
8167
8176
8177
8180
8181
8183
8183
8186
8186
8187
8190
8192
8193
8193
8194
8197
8199
8200
8201
8203
8218
8220
8220
8222
8224
8226
8227
8227
8230
8232
8233
8238
8240
8246
8258
8269
8269
8270
8281
8283
8295
8299
8299
8300
8302
8304
8307
8309
8325
8326
8327
8328
8330
8332
8334
8340
8343
8344
8349
8350
8351
8355
8360
8371
8373
8378
8382
8386
8392
8396
8396
8398
8399
8406
8415
8415
8418
8420
8425
8429
8430
8432
8433
8447
8450
8452
8452
8461
8467
8470
8471
8477
8478
8479
8480
8481
8490
8491
8491
8492
8499
8501
8503
8503
8507
8512
8512
8512
8513
8514
8514
8514
8516
8533
8546
8554
8561
8565
8570
8571
8577
8578
8584
8586
8588
8589
8589
8592
8597
8597
8598
8610
8615
8618
8622
8626
8627
8627
8630
8631
8635
8636
8638
8639
8651
8653
8654
8654
8659
8664
8666
8671
8674
8678
8679
8680
8681
8684
8686
8690
8698
8698
8704
8728
8731
8733
8734
8736
8739
8745
8748
8750
8756
8756
8760
8761
8764
8765
8769
8782
8783
8793
8797
8803
8807
8809
8812
8813
8818
8819
8821
8822
8825
8829
8830
8830
8834
8836
8836
8849
8850
8853
8855
8858
8859
8859
8867
8869
8869
8869
8872
8878
8888
8889
8900
8901
8902
8905
8906
8906
8910
8912
8913
8913
8915
8917
8918
8919
8935
8937
8943
8948
8952
8953
8955
8961
8971
8971
8979
8981
8984
8986
8988
8990
8991
8991
8995
8998
9005
9010
9010
9011
9015
9024
9025
9037
9040
9052
9054
9055
9055
9060
9066
9079
9080
9081
9085
9086
9093
9095
9096
9100
9103
9104
9107
9110
9111
9113
9117
9123
9132
9133
9139
9140
9149
9149
9150
9153
9153
9155
9158
9159
9159
9161
9164
9166
9167
9171
9180
9181
9184
9186
9195
9202
9210
9210
9216
9220
9220
9227
9229
9237
9239
9247
9250
9252
9254
9258
9261
9263
9268
9269
9269
9279
9280
9282
9284
9285
9290
9293
9295
9299
9300
9302
9305
9316
9320
9322
9322
9331
9334
9338
9338
9343
9353
9354
9364
9364
9364
9366
9367
9368
9372
9376
9386
9396
9400
9402
9403
9403
9404
9408
9408
9412
9415
9417
9422
9423
9423
9427
9428
9431
9435
9445
9447
9452
9453
9459
9460
9461
9461
9462
9467
9467
9469
9470
9470
9479
9483
9491
9491
9492
9496
9505
9514
9517
9518
9520
9522
9524
9526
9527
9529
9543
9545
9555
9562
9563
9565
9567
9568
9577
9578
9578
9579
9588
9590
9592
9592
9596
9600
9609
9615
9624
9624
9626
9630
9631
9637
9640
9640
9641
9648
9653
9654
9657
9658
9658
9661
9662
9667
9669
9683
9685
9686
9693
9696
9713
9714
9716
9723
9729
9730
9731
9735
9737
9738
9739
9744
9746
9748
9759
9761
9764
9767
9775
9782
9782
9783
9785
9785
9788
9789
9810
9811
9822
9822
9823
9825
9832
9836
9839
9841
9842
9842
9855
9858
9877
9881
9882
9885
9889
9891
9893
9895
9898
9898
9900
9903
9910
9913
9915
9922
9923
9925
9940
9949
9957
9966
9966
9971
9973
9977
9978
9984
9986
9992
9994
9996
9996
10012
10012
10013
10014
10015
10018
10022
10023
10024
10031
10035
10036
10036
10040
10040
10048
10049
10049
10060
10063
10069
10070
10071
10075
10075
10077
10082
10089
10096
10097
10112
10118
10119
10126
10133
10135
10137
10138
10141
10148
10150
10153
10154
10158
10163
10170
10174
10180
10184
10184
10190
10193
10194
10196
10196
10199
10211
10211
10213
10213
10214
10217
10219
10224
10243
10251
10252
10260
10261
10261
10262
10262
10275
10278
10281
10286
10288
10292
10295
10306
10314
10319
10320
10323
10325
10325
10332
10334
10337
10337
10339
10340
10343
10344
10345
10349
10350
10356
10357
10360
10361
10362
10369
10377
10380
10385
10386
10389
10395
10398
10401
10406
10411
10414
10418
10421
10435
10439
10445
10456
10461
10475
10477
10479
10482
10487
10494
10496
10496
10498
10500
10501
10510
10521
10524
10525
10526
10532
10532
10534
10538
10541
10548
10557
10558
10565
10571
10572
10574
10575
10581
10587
10590
10594
10596
10600
10601
10601
10608
10613
10634
10635
10646
10650
10656
10661
10662
10663
10665
10666
10667
10668
10669
10673
10676
10676
10685
10686
10687
10688
10690
10695
10696
10698
10701
10703
10705
10708
10712
10713
10715
10717
10720
10721
10722
10724
10732
10734
10736
10738
10745
10747
10751
10753
10755
10765
10767
10769
10773
10774
10777
10782
10783
10791
10792
10793
10797
10800
10801
10801
10804
10807
10808
10811
10811
10829
10831
10832
10833
10834
10839
10843
10847
10853
10854
10854
10854
10855
10863
10864
10869
10873
10883
10892
10893
10900
10900
10905
10919
10924
10932
10935
10944
10948
10949
10952
10954
10963
10964
10965
10965
10969
10969
10973
10975
10977
10978
10980
10984
10986
10996
10999
10999
11000
11001
11008
11008
11009
11016
11016
11024
11026
11029
11031
11035
11039
11042
11048
11049
11056
11056
11061
11063
11063
11063
11074
11075
11078
11088
11090
11100
11106
11113
11114
11118
11129
11131
11134
11138
11141
11141
11141
11145
11147
11149
11151
11153
11157
11157
11160
11161
11164
11168
11169
11171
11171
11172
11174
11175
11176
11181
11186
11188
11191
11194
11197
11198
11199
11200
11205
11207
11209
11210
11218
11220
11227
11228
11236
11239
11240
11241
11242
11242
11244
11246
11249
11249
11249
11250
11255
11263
11269
11271
11284
11289
11289
11290
11297
11298
11298
11299
11301
11303
11304
11304
11308
11309
11312
11312
11315
11316
11318
11318
11320
11336
11338
11343
11345
11345
11345
11348
11356
11359
11359
11365
11367
11370
11375
11376
11378
11378
11383
11386
11388
11392
11399
11399
11410
11412
11412
11414
11415
11419
11422
11427
11428
11444
11450
11456
11457
11463
11466
11469
11469
11470
11478
11478
11480
11484
11485
11486
11489
11495
11498
11499
11499
11500
11506
11507
11507
11508
11512
11514
11517
11518
11520
11521
11528
11529
11533
11536
11544
11546
11552
11559
11564
11570
11571
11573
11575
11575
11587
11588
11594
11600
11602
11606
11607
11607
11609
11613
11622
11624
11630
11632
11633
11634
11635
11636
11637
11639
11639
11643
11644
11647
11647
11654
11655
11657
11659
11660
11660
11664
11666
11670
11673
11674
11675
11675
11675
11677
11685
11691
11694
11698
11704
11707
11708
11709
11714
11723
11727
11729
11735
11738
11739
11744
11745
11747
11748
11756
11760
11761
11761
11773
11774
11776
11778
11782
11789
11789
11791
11791
11797
11797
11799
11799
11801
11801
11802
11803
11803
11805
11806
11810
11816
11817
11818
11823
11826
11827
11829
11835
11836
11836
11836
11838
11839
11840
11845
11847
11849
11850
11852
11855
11860
11866
11866
11871
11871
11873
11877
11878
11880
11883
11884
11885
11889
11890
11894
11894
11894
11898
11901
11902
11905
11907
11911
11916
11917
11925
11926
11931
11936
11940
11941
11946
11948
11949
11958
11961
11978
11978
11980
11983
11986
11990
11990
11993
11994
11994
11994
11997
11998
12000
12004
12007
12008
12008
12009
12010
12010
12010
12011
12013
12014
12021
12021
12021
12023
12023
12025
12027
12034
12038
12039
12039
12045
12047
12048
12056
12062
12066
12070
12076
12084
12084
12084
12092
12095
12097
12098
12098
12101
12101
12104
12114
12118
12119
12121
12123
12123
12123
12124
12130
12137
12141
12143
12145
12145
12148
12155
12157
12165
12168
12169
12174
12175
12175
12177
12180
12184
12186
12187
12188
12194
12196
12208
12208
12212
12219
12222
12224
12234
12236
12242
12242
12243
12247
12249
12253
12253
12256
12260
12272
12274
12281
12286
12289
12291
12296
12298
12299
12302
12306
12310
12311
12313
12321
12324
12324
12326
12329
12329
12329
12335
12337
12338
12338
12344
12359
12361
12364
12365
12367
12369
12374
12377
12379
12383
12388
12392
12394
12396
12396
12398
12401
12407
12416
12419
12424
12430
12434
12440
12444
12445
12447
12447
12448
12453
12461
12463
12463
12467
12471
12472
12473
12475
12476
12476
12476
12482
12482
12489
12493
12495
12499
12511
12513
12515
12520
12520
12524
12527
12528
12532
12535
12540
12547
12547
12549
12550
12559
12560
12564
12568
12578
12579
12579
12583
12594
12595
12598
12600
12603
12605
12607
12610
12611
12612
12613
12613
12613
12616
12617
12621
12626
12632
12638
12639
12641
12645
12647
12656
12656
12657
12658
12658
12666
12666
12673
12675
12681
12683
12687
12692
12696
12696
12701
12704
12709
12712
12721
12726
12728
12730
12730
12733
12739
12739
12744
12745
12748
12754
12755
12757
12757
12759
12760
12761
12762
12762
12764
12769
12775
12776
12787
12787
12788
12789
12792
12803
12808
12810
12811
12813
12815
12818
12825
12831
12838
12841
12844
12848
12850
12853
12857
12858
12862
12862
12863
12867
12870
12873
12873
12874
12875
12877
12880
12881
12882
12888
12891
12898
12898
12904
12904
12908
12908
12912
12912
12915
12922
12923
12925
12926
12926
12936
12940
12941
12948
12953
12957
12958
12967
12980
12981
12982
12986
12987
12991
12992
12992
12998
13000
13002
13005
13006
13010
13011
13012
13014
13014
13014
13016
13023
13024
13024
13025
13032
13033
13035
13036
13036
13036
13039
13067
13073
13076
13077
13079
13082
13083
13086
13091
13099
13102
13105
13114
13119
13122
13122
13126
13127
13129
13145
13148
13148
13149
13150
13150
13155
13157
13158
13160
13162
13165
13167
13181
13183
13187
13189
13190
13192
13203
13207
13217
13222
13223
13228
13230
13232
13234
13236
13238
13249
13250
13258
13263
13265
13275
13276
13276
13276
13282
13288
13289
13290
13291
13297
13299
13300
13300
13301
13307
13309
13310
13311
13312
13319
13320
13324
13325
13332
13334
13336
13338
13350
13355
13359
13360
13363
13367
13368
13370
13373
13374
13376
13376
13381
13383
13385
13387
13388
13388
13391
13396
13396
13413
13413
13415
13420
13422
13425
13427
13429
13431
13432
13439
13443
13444
13448
13451
13454
13461
13462
13466
13468
13469
13471
13472
13475
13476
13484
13485
13488
13494
13495
13499
13499
13508
13515
13519
13521
13523
13532
13543
13548
13548
13551
13551
13553
13556
13557
13559
13562
13572
13575
13577
13577
13583
13583
13583
13584
13585
13585
13593
13597
13602
13602
13605
13607
13617
13621
13622
13622
13622
13626
13633
13643
13643
13644
13646
13649
13650
13650
13654
13654
13656
13661
13662
13664
13665
13668
13671
13676
13677
13678
13683
13684
13685
13688
13694
13695
13700
13705
13709
13713
13715
13716
13719
13719
13721
13726
13728
13728
13731
13734
13736
13738
13744
13746
13747
13750
13752
13754
13754
13755
13765
13767
13772
13772
13778
13782
13782
13784
13789
13789
13790
13795
13795
13796
13800
13806
13813
13823
13825
13825
13826
13828
13834
13835
13840
13841
13842
13846
13848
13853
13854
13857
13858
13859
13859
13861
13861
13862
13864
13865
13866
13866
13866
13867
13868
13871
13881
13886
13886
13888
13890
13894
13898
13900
13900
13903
13905
13905
13908
13910
13912
13914
13917
13918
13919
13921
13922
13923
13923
13928
13929
13929
13931
13942
13943
13943
13945
13947
13957
13961
13963
13974
13988
14002
14004
14005
14006
14011
14020
14022
14026
14028
14037
14040
14040
14040
14045
14045
14049
14062
14064
14072
14081
14086
14088
14089
14090
14091
14097
14100
14101
14105
14108
14109
14114
14115
14116
14118
14121
14129
14132
14137
14138
14139
14152
14152
14161
14163
14170
14170
14175
14175
14184
14184
14184
14192
14194
14195
14201
14204
14213
14214
14219
14224
14225
14229
14231
14233
14233
14237
14245
14250
14255
14257
14261
14261
14264
14265
14265
14266
14272
14275
14279
14282
14283
14284
14288
14290
14294
14295
14297
14298
14298
14300
14307
14311
14313
14318
14320
14331
14351
14352
14354
14356
14357
14361
14365
14370
14371
14371
14371
14372
14374
14378
14384
14388
14390
14392
14395
14398
14399
14400
14404
14404
14407
14407
14408
14409
14413
14414
14415
14417
14426
14429
14430
14432
14433
14435
14435
14438
14447
14451
14452
14453
14455
14456
14463
14471
14471
14473
14478
14479
14480
14480
14482
14485
14485
14492
14499
14501
14502
14503
14514
14524
14525
14527
14531
14532
14534
14536
14540
14541
14541
14544
14546
14552
14554
14554
14556
14559
14561
14564
14571
14573
14576
14584
14584
14596
14596
14597
14597
14604
14611
14613
14615
14622
14628
14632
14636
14645
14647
14650
14651
14655
14656
14667
14667
14667
14671
14675
14678
14678
14679
14683
14684
14690
14694
14695
14696
14699
14703
14713
14715
14718
14718
14721
14721
14722
14725
14726
14726
14730
14731
14734
14737
14737
14738
14752
14757
14759
14762
14763
14765
14767
14771
14771
14772
14777
14778
14781
14786
14787
14793
14793
14800
14802
14802
14805
14809
14811
14813
14815
14822
14824
14830
14833
14836
14836
14837
14840
14842
14844
14848
14849
14852
14852
14874
14878
14886
14887
14892
14893
14895
14895
14905
14906
14928
14930
14931
14933
14934
14936
14937
14941
14943
14950
14953
14959
14962
14966
14974
14976
14981
14982
14988
14992
14996
14998
14999
15001
15002
15002
15005
15012
15018
15025
15031
15035
15036
15036
15037
15037
15040
15044
15044
15048
15050
15057
15057
15061
15061
15061
15069
15074
15075
15076
15081
15083
15085
15086
15093
15100
15103
15104
15105
15105
15110
15111
15116
15117
15118
15118
15119
15121
15122
15124
15124
15127
15128
15130
15130
15133
15134
15140
15152
15154
15154
15161
15161
15162
15165
15165
15166
15170
15170
15172
15176
15180
15183
15185
15189
15194
15195
15200
15200
15205
15207
15213
15213
15213
15218
15224
15230
15234
15237
15244
15249
15255
15259
15259
15261
15265
15265
15267
15269
15269
15274
15284
15287
15287
15287
15290
15291
15293
15296
15299
15300
15301
15304
15306
15309
15332
15332
15332
15335
15338
15340
15342
15345
15352
15353
15360
15363
15364
15368
15370
15377
15383
15383
15389
15390
15394
15394
15395
15401
15408
15408
15421
15424
15425
15427
15428
15429
15435
15440
15442
15443
15444
15446
15447
15447
15449
15449
15449
15452
15452
15452
15452
15455
15455
15456
15457
15459
15470
15472
15477
15477
15481
15487
15505
15515
15518
15519
15519
15520
15522
15523
15527
15529
15530
15531
15534
15536
15536
15541
15543
15544
15548
15551
15552
15555
15575
15578
15581
15584
15588
15593
15593
15595
15598
15611
15612
15614
15618
15620
15622
15626
15628
15630
15633
15637
15643
15644
15647
15651
15652
15653
15655
15662
15674
15675
15675
15678
15680
15688
15689
15693
15694
15695
15701
15702
15703
15712
15714
15715
15718
15719
15724
15725
15727
15734
15735
15739
15741
15742
15743
15743
15746
15754
15756
15759
15762
15767
15774
15777
15787
15790
15790
15792
15796
15797
15801
15806
15812
15818
15818
15819
15821
15821
15822
15825
15826
15829
15831
15832
15838
15841
15841
15846
15852
15857
15858
15859
15860
15866
15872
15873
15876
15886
15893
15895
15897
15900
15903
15905
15909
15917
15919
15921
15923
15925
15928
15929
15934
15937
15944
15952
15953
15958
15961
15961
15965
15966
15976
15978
15978
15984
15988
15988
15990
15993
16002
16010
16023
16023
16027
16028
16030
16030
16031
16045
16048
16053
16053
16055
16056
16056
16056
16058
16058
16058
16071
16074
16075
16084
16091
16092
16092
16097
16115
16116
16127
16128
16131
16133
16141
16142
16143
16147
16153
16154
16155
16160
16165
16166
16170
16171
16173
16174
16178
16187
16191
16193
16205
16206
16207
16213
16222
16230
16230
16235
16236
16243
16243
16244
16244
16246
16248
16251
16253
16254
16259
16260
16264
16267
16268
16270
16275
16276
16279
16281
16285
16293
16297
16302
16305
16306
16307
16307
16308
16311
16311
16319
16320
16325
16330
16331
16334
16336
16338
16341
16342
16344
16346
16346
16348
16350
16352
16354
16356
16356
16356
16359
16359
16362
16363
16364
16366
16368
16375
16381
16381
16384
16391
16394
16396
16397
16399
16403
16407
16410
16412
16415
16415
16418
16419
16420
16420
16427
16429
16435
16440
16442
16446
16449
16458
16460
16464
16464
16465
16466
16466
16467
16477
16493
16493
16495
16497
16503
16503
16516
16518
16520
16528
16529
16529
16531
16532
16535
16548
16549
16554
16557
16562
16569
16569
16575
16576
16591
16593
16595
16596
16602
16603
16605
16607
16611
16612
16613
16613
16614
16614
16621
16622
16623
16627
16627
16635
16637
16645
16647
16657
16658
16660
16660
16669
16669
16669
16674
16684
16686
16694
16698
16700
16705
16706
16711
16716
16728
16731
16736
16736
16738
16743
16754
16760
16762
16766
16768
16769
16776
16779
16780
16781
16781
16786
16786
16787
16787
16803
16810
16814
16816
16817
16822
16822
16823
16823
16828
16828
16833
16838
16839
16841
16845
16847
16847
16848
16850
16851
16851
16852
16852
16855
16855
16858
16858
16863
16867
16868
16868
16870
16872
16872
16874
16875
16876
16877
16884
16885
16886
16886
16887
16887
16892
16892
16893
16894
16901
16903
16907
16907
16907
16908
16909
16910
16914
16915
16920
16926
16927
16930
16935
16937
16938
16938
16940
16944
16947
16949
16950
16954
16957
16957
16959
16971
16976
16977
16985
16986
16995
17004
17016
17027
17027
17028
17029
17029
17030
17035
17036
17036
17039
17039
17041
17044
17046
17058
17059
17059
17061
17064
17068
17074
17076
17079
17080
17080
17081
17086
17088
17097
17097
17103
17105
17106
17108
17111
17116
17121
17125
17127
17132
17135
17137
17137
17137
17145
17148
17154
17159
17162
17166
17166
17169
17173
17174
17179
17183
17186
17195
17199
17199
17200
17205
17206
17207
17209
17209
17215
17217
17218
17224
17224
17227
17227
17233
17233
17241
17245
17247
17248
17258
17264
17267
17270
17270
17272
17274
17275
17279
17280
17281
17283
17284
17291
17293
17293
17294
17296
17298
17299
17309
17309
17309
17309
17317
17319
17322
17323
17326
17329
17333
17333
17337
17343
17345
17350
17351
17355
17357
17357
17365
17365
17370
17372
17376
17383
17392
17394
17395
17396
17403
17404
17404
17405
17407
17411
17420
17421
17423
17425
17427
17427
17438
17446
17464
17467
17467
17473
17476
17477
17484
17484
17485
17494
17495
17495
17498
17499
17500
17506
17509
17511
17527
17532
17535
17536
17537
17544
17547
17557
17558
17558
17562
17566
17566
17567
17568
17569
17573
17575
17586
17592
17593
17594
17595
17596
17596
17597
17598
17603
17607
17607
17610
17614
17615
17625
17628
17637
17647
17648
17649
17651
17657
17664
17665
17672
17674
17678
17680
17681
17682
17683
17691
17696
17709
17710
17710
17712
17718
17723
17725
17732
17742
17742
17756
17756
17760
17760
17760
17762
17764
17768
17774
17777
17789
17795
17795
17797
17799
17801
17801
17801
17803
17805
17810
17812
17813
17820
17825
17826
17827
17830
17838
17840
17843
17847
17850
17850
17852
17854
17859
17860
17860
17861
17862
17868
17871
17873
17877
17878
17886
17887
17887
17891
17895
17898
17900
17901
17902
17904
17905
17909
17913
17913
17919
17920
17922
17924
17925
17928
17931
17933
17936
17942
17945
17950
17953
17955
17957
17959
17964
17970
17971
17973
17977
17981
17981
17982
17984
17987
17989
17993
18004
18005
18006
18007
18012
18014
18020
18029
18035
18039
18049
18051
18055
18066
18067
18070
18071
18071
18076
18076
18076
18080
18085
18094
18097
18099
18099
18104
18108
18118
18119
18125
18125
18127
18133
18133
18134
18140
18151
18151
18152
18153
18153
18157
18165
18167
18175
18186
18190
18191
18192
18194
18200
18201
18201
18203
18207
18211
18215
18216
18231
18242
18244
18244
18247
18257
18258
18259
18259
18259
18263
18263
18264
18273
18274
18274
18274
18276
18284
18285
18291
18291
18294
18300
18310
18319
18320
18320
18323
18328
18333
18333
18334
18345
18346
18350
18357
18357
18359
18363
18366
18367
18375
18391
18395
18396
18397
18397
18400
18401
18402
18402
18404
18409
18412
18412
18415
18431
18433
18439
18444
18448
18453
18455
18455
18459
18468
18471
18475
18476
18477
18485
18491
18493
18496
18502
18504
18507
18508
18510
18511
18512
18518
18519
18520
18521
18523
18523
18532
18536
18538
18539
18539
18549
18555
18557
18557
18562
18562
18566
18571
18573
18577
18577
18582
18583
18584
18586
18589
18591
18597
18599
18600
18603
18610
18612
18613
18618
18619
18625
18631
18639
18642
18644
18645
18647
18651
18657
18663
18676
18678
18679
18680
18681
18681
18684
18688
18691
18692
18693
18696
18698
18699
18709
18710
18711
18719
18722
18739
18740
18745
18746
18751
18751
18754
18757
18759
18764
18766
18768
18769
18779
18780
18781
18785
18788
18797
18797
18799
18802
18803
18807
18811
18811
18812
18818
18818
18821
18824
18829
18829
18831
18833
18834
18836
18836
18836
18838
18843
18844
18846
18850
18851
18851
18853
18859
18864
18865
18870
18872
18874
18876
18877
18878
18882
18887
18887
18888
18892
18898
18898
18904
18908
18908
18922
18923
18924
18931
18932
18934
18938
18945
18950
18951
18956
18956
18956
18961
18962
18965
18965
18972
18980
18981
18983
18986
18990
18992
18994
18996
18999
19007
19009
19011
19014
19020
19020
19023
19024
19030
19037
19038
19048
19050
19053
19054
19055
19055
19056
19058
19062
19065
19066
19067
19067
19071
19073
19076
19080
19082
19084
19094
19095
19109
19111
19115
19117
19120
19129
19131
19134
19137
19146
19150
19154
19157
19159
19159
19160
19162
19162
19165
19167
19176
19177
19181
19190
19191
19197
19203
19203
19207
19207
19213
19213
19220
19221
19221
19223
19228
19229
19230
19231
19234
19240
19243
19245
19246
19249
19250
19252
19252
19253
19257
19260
19261
19263
19265
19276
19279
19283
19283
19284
19290
19291
19298
19298
19300
19300
19303
19307
19307
19314
19317
19324
19333
19336
19341
19343
19343
19349
19352
19356
19358
19360
19363
19365
19368
19370
19371
19375
19376
19379
19390
19397
19398
19404
19407
19407
19408
19411
19415
19419
19427
19427
19452
19455
19460
19462
19463
19464
19464
19465
19465
19467
19468
19469
19470
19471
19491
19492
19496
19501
19501
19505
19506
19507
19516
19516
19524
19527
19530
19531
19535
19535
19538
19544
19552
19556
19565
19572
19576
19584
19586
19587
19589
19594
19603
19604
19607
19610
19619
19620
19620
19637
19637
19637
19644
19655
19661
19667
19668
19670
19672
19675
19679
19688
19688
19696
19697
19697
19698
19706
19711
19713
19719
19719
19719
19724
19735
19740
19743
19749
19753
19754
19755
19760
19763
19769
19773
19786
19794
19794
19797
19801
19809
19809
19812
19814
19817
19824
19826
19827
19836
19838
19841
19843
19847
19848
19848
19857
19861
19864
19879
19881
19886
19895
19902
19912
19918
19924
19924
19926
19926
19931
19932
19941
19948
19958
19961
19966
19979
19979
19988
19990
19993
19994
19997
20012
20012
20014
20015
20020
20029
20030
20031
20033
20035
20037
20038
20043
20045
20048
20063
20064
20065
20065
20066
20077
20079
20083
20091
20101
20102
20106
20109
20111
20111
20114
20114
20127
20129
20130
20130
20131
20131
20132
20144
20146
20154
20157
20166
20169
20174
20174
20175
20178
20183
20189
20194
20199
20199
20199
20200
20209
20209
20217
20218
20223
20225
20228
20231
20232
20233
20240
20241
20241
20242
20248
20248
20248
20257
20272
20279
20281
20284
20290
20294
20300
20308
20312
20313
20320
20321
20322
20323
20325
20328
20335
20338
20347
20350
20351
20357
20357
20358
20361
20363
20364
20367
20369
20370
20372
20374
20375
20377
20379
20380
20381
20390
20394
20398
20399
20405
20405
20406
20408
20419
20427
20436
20441
20442
20445
20446
20447
20449
20450
20460
20465
20467
20469
20470
20477
20479
20481
20485
20486
20491
20492
20493
20495
20495
20500
20500
20502
20508
20511
20511
20511
20516
20516
20518
20521
20536
20537
20538
20539
20541
20543
20549
20552
20553
20562
20564
20568
20568
20569
20573
20573
20575
20576
20577
20588
20595
20600
20600
20602
20602
20604
20605
20608
20611
20612
20614
20615
20616
20619
20620
20622
20623
20625
20629
20629
20633
20636
20638
20639
20642
20643
20644
20650
20654
20656
20656
20657
20661
20663
20663
20667
20668
20670
20677
20678
20679
20680
20683
20683
20687
20687
20696
20698
20705
20714
20721
20725
20726
20727
20728
20731
20735
20737
20739
20743
20744
20746
20750
20755
20757
20758
20759
20763
20767
20772
20775
20779
20781
20791
20794
20798
20803
20807
20818
20819
20821
20823
20823
20824
20825
20832
20833
20843
20850
20852
20855
20858
20866
20866
20872
20874
20875
20878
20880
20886
20886
20888
20890
20893
20899
20906
20909
20910
20911
20914
20917
20917
20917
20917
20921
20924
20931
20933
20937
20947
20948
20948
20950
20950
20950
20952
20955
20960
20963
20963
20970
20970
20974
20978
20980
20986
20988
20989
21001
21005
21007
21009
21013
21014
21015
21018
21020
21022
21033
21034
21036
21036
21037
21041
21042
21045
21049
21052
21057
21058
21060
21067
21067
21070
21072
21076
21080
21085
21091
21093
21104
21106
21110
21117
21121
21132
21137
21138
21139
21141
21141
21149
21150
21150
21153
21155
21157
21157
21160
21165
21166
21168
21168
21171
21173
21177
21181
21181
21182
21182
21182
21185
21186
21190
21190
21199
21199
21204
21207
21208
21214
21218
21221
21227
21231
21232
21236
21243
21245
21246
21249
21253
21254
21255
21256
21261
21264
21274
21279
21280
21282
21285
21286
21287
21288
21290
21294
21294
21295
21300
21303
21303
21307
21308
21308
21318
21321
21324
21325
21332
21332
21333
21334
21335
21343
21343
21344
21346
21346
21349
21352
21360
21364
21367
21370
21372
21377
21381
21382
21383
21390
21391
21394
21394
21394
21396
21397
21399
21402
21408
21411
21414
21424
21432
21433
21434
21443
21443
21449
21451
21463
21464
21467
21467
21474
21474
21478
21479
21486
21494
21496
21497
21503
21507
21509
21520
21521
21526
21531
21536
21541
21544
21549
21549
21550
21552
21553
21555
21556
21559
21559
21559
21561
21561
21561
21574
21575
21595
21601
21601
21608
21608
21616
21617
21619
21626
21627
21628
21630
21636
21642
21642
21643
21643
21660
21660
21666
21671
21675
21675
21681
21682
21686
21691
21692
21701
21702
21703
21703
21706
21708
21708
21711
21712
21717
21721
21722
21725
21725
21730
21731
21733
21743
21756
21760
21761
21762
21763
21774
21775
21781
21782
21783
21786
21786
21791
21796
21797
21798
21799
21804
21806
21816
21817
21821
21824
21825
21827
21827
21828
21829
21833
21833
21834
21841
21842
21853
21854
21855
21857
21860
21862
21871
21873
21875
21877
21882
21889
21889
21906
21908
21910
21913
21915
21916
21918
21918
21919
21920
21922
21925
21929
21931
21931
21933
21935
21935
21937
21946
21950
21950
21958
21960
21963
21966
21968
21980
21981
21985
21985
21985
21990
21992
21997
22007
22012
22015
22016
22016
22023
22030
22031
22033
22037
22038
22038
22046
22048
22052
22061
22066
22066
22070
22073
22079
22079
22080
22084
22087
22088
22089
22100
22103
22104
22112
22125
22128
22129
22135
22135
22141
22147
22147
22155
22158
22158
22159
22163
22168
22172
22174
22175
22177
22184
22189
22196
22198
22202
22203
22204
22207
22208
22208
22214
22217
22219
22222
22222
22225
22228
22229
22233
22235
22237
22238
22241
22241
22243
22251
22254
22255
22258
22261
22269
22274
22275
22276
22277
22277
22279
22282
22287
22288
22290
22293
22294
22295
22295
22298
22301
22303
22303
22307
22311
22313
22316
22321
22326
22333
22333
22334
22349
22351
22354
22357
22362
22364
22365
22366
22368
22369
22371
22382
22385
22385
22385
22389
22390
22394
22400
22401
22402
22403
22407
22408
22408
22420
22422
22426
22428
22436
22437
22443
22444
22445
22446
22452
22454
22455
22455
22455
22457
22457
22462
22463
22475
22479
22479
22480
22482
22482
22490
22497
22498
22500
22506
22518
22519
22523
22524
22529
22531
22532
22533
22540
22542
22546
22549
22550
22551
22553
22559
22560
22563
22567
22577
22582
22583
22584
22584
22591
22598
22599
22600
22602
22604
22608
22611
22613
22619
22626
22628
22636
22646
22648
22649
22649
22651
22651
22653
22653
22661
22663
22666
22667
22672
22675
22681
22690
22692
22695
22701
22701
22704
22707
22710
22715
22721
22723
22724
22726
22730
22735
22737
22742
22743
22744
22746
22749
22752
22756
22765
22774
22774
22777
22781
22786
22790
22790
22792
22793
22802
22802
22808
22809
22810
22810
22811
22812
22813
22817
22818
22819
22821
22821
22824
22825
22826
22829
22838
22844
22849
22854
22859
22863
22865
22866
22868
22870
22872
22875
22876
22880
22883
22884
22888
22900
22906
22908
22908
22911
22914
22917
22922
22923
22924
22925
22931
22931
22932
22937
22938
22940
22941
22942
22942
22944
22950
22956
22959
22966
22967
22968
22970
22971
22982
22982
22984
22987
22996
22996
22999
23002
23011
23012
23012
23012
23019
23021
23036
23040
23041
23045
23049
23049
23052
23053
23057
23058
23063
23068
23073
23077
23080
23086
23087
23089
23089
23090
23098
23101
23102
23104
23107
23107
23116
23116
23116
23118
23118
23122
23125
23128
23135
23151
23152
23156
23164
23165
23167
23167
23169
23171
23172
23179
23182
23186
23189
23192
23202
23202
23204
23204
23204
23207
23217
23225
23229
23239
23242
23243
23243
23244
23244
23248
23251
23252
23253
23254
23263
23269
23270
23270
23272
23276
23281
23282
23292
23294
23303
23306
23308
23310
23310
23311
23319
23319
23319
23322
23325
23327
23330
23331
23335
23338
23339
23342
23343
23343
23346
23354
23362
23362
23363
23364
23365
23368
23371
23377
23385
23388
23398
23399
23400
23409
23409
23415
23420
23427
23427
23427
23430
23436
23437
23438
23441
23443
23444
23445
23448
23449
23449
23451
23460
23460
23460
23461
23469
23478
23479
23479
23480
23480
23482
23487
23489
23496
23497
23498
23515
23517
23521
23522
23524
23532
23534
23538
23538
23539
23547
23557
23558
23563
23568
23570
23570
23570
23582
23582
23582
23582
23584
23585
23588
23590
23594
23598
23602
23612
23617
23617
23633
23637
23643
23647
23647
23649
23649
23655
23655
23658
23664
23666
23667
23670
23675
23687
23688
23691
23692
23699
23700
23703
23703
23704
23712
23715
23719
23726
23728
23736
23743
23747
23752
23754
23754
23757
23761
23763
23769
23778
23780
23780
23782
23783
23784
23788
23789
23791
23801
23801
23803
23807
23812
23815
23817
23822
23823
23828
23829
23830
23841
23846
23846
23847
23852
23852
23853
23857
23858
23861
23863
23874
23875
23884
23886
23887
23898
23899
23903
23915
23918
23919
23923
23924
23932
23934
23941
23942
23943
23954
23956
23956
23959
23959
23968
23969
23971
23974
23977
23978
23979
23982
23989
23990
23991
23998
23998
23999
24000
24001
24001
24007
24015
24022
24023
24023
24024
24029
24033
24033
24037
24037
24038
24042
24052
24055
24062
24067
24069
24071
24078
24080
24083
24083
24095
24101
24101
24111
24113
24115
24116
24119
24121
24121
24121
24127
24130
24131
24137
24144
24147
24153
24153
24157
24158
24161
24166
24170
24174
24181
24187
24189
24192
24198
24203
24205
24208
24214
24218
24219
24219
24222
24223
24230
24236
24240
24247
24249
24249
24251
24257
24258
24258
24260
24262
24267
24272
24274
24278
24285
24290
24294
24295
24296
24298
24308
24313
24313
24313
24314
24314
24315
24317
24324
24329
24330
24333
24340
24342
24342
24354
24360
24366
24378
24378
24380
24382
24384
24384
24391
24392
24395
24398
24400
24400
24405
24411
24412
24415
24417
24417
24429
24430
24433
24433
24443
24444
24453
24456
24456
24462
24462
24474
24478
24484
24485
24501
24501
24503
24509
24526
24529
24541
24545
24554
24561
24566
24566
24567
24570
24576
24577
24578
24579
24579
24587
24591
24593
24595
24596
24606
24614
24619
24626
24637
24645
24646
24646
24652
24655
24659
24663
24666
24669
24672
24679
24681
24682
24683
24685
24693
24694
24695
24695
24698
24698
24703
24704
24704
24709
24712
24713
24715
24716
24717
24719
24721
24721
24721
24722
24724
24726
24730
24737
24740
24755
24764
24767
24767
24768
24770
24771
24784
24784
24790
24792
24794
24801
24803
24808
24808
24810
24814
24826
24826
24827
24827
24832
24833
24838
24845
24846
24847
24847
24849
24849
24851
24856
24856
24857
24862
24863
24863
24869
24874
24877
24879
24880
24883
24884
24885
24893
24894
24895
24896
24897
24897
24899
24904
24908
24909
24913
24927
24928
24928
24928
24928
24931
24945
24946
24947
24954
24954
24956
24957
24958
24959
24975
24975
24977
24979
24981
24981
24983
24983
24984
24985
24985
24986
24996
24996
24998
24999
25000
25002
25014
25015
25019
25022
25035
25043
25045
25046
25050
25051
25052
25058
25059
25060
25062
25062
25070
25072
25080
25082
25085
25089
25091
25093
25095
25105
25107
25111
25114
25116
25116
25118
25124
25132
25137
25139
25139
25139
25142
25148
25155
25160
25163
25165
25169
25170
25172
25173
25175
25186
25188
25189
25190
25191
25201
25202
25209
25210
25218
25218
25226
25228
25230
25235
25238
25241
25242
25248
25255
25259
25262
25264
25266
25270
25271
25272
25274
25278
25281
25285
25286
25291
25291
25298
25299
25302
25305
25308
25311
25313
25324
25326
25327
25333
25337
25340
25343
25346
25351
25354
25359
25359
25365
25368
25371
25372
25372
25378
25380
25383
25383
25384
25393
25398
25402
25405
25406
25413
25419
25423
25424
25427
25432
25433
25433
25434
25434
25440
25441
25442
25444
25451
25451
25455
25456
25460
25465
25465
25469
25470
25482
25482
25485
25491
25497
25506
25512
25516
25522
25523
25541
25544
25546
25554
25554
25554
25560
25567
25568
25575
25576
25577
25580
25584
25584
25587
25588
25596
25608
25609
25617
25620
25621
25621
25622
25623
25623
25626
25626
25627
25628
25635
25637
25639
25647
25647
25648
25649
25649
25654
25655
25658
25659
25660
25662
25667
25672
25672
25674
25679
25684
25695
25695
25700
25702
25705
25707
25717
25720
25723
25723
25725
25730
25736
25738
25748
25749
25757
25759
25759
25761
25765
25765
25766
25769
25772
25774
25776
25781
25786
25789
25790
25794
25794
25796
25797
25798
25804
25805
25805
25812
25812
25815
25816
25818
25821
25822
25823
25829
25829
25832
25836
25841
25842
25843
25847
25850
25851
25853
25864
25869
25869
25871
25871
25874
25874
25877
25878
25882
25888
25888
25893
25893
25896
25897
25905
25911
25914
25917
25919
25920
25923
25926
25927
25927
25936
25941
25942
25942
25945
25948
25955
25957
25958
25960
25963
25964
25964
25966
25967
25968
25972
25975
25976
25979
25979
25980
25982
25985
25986
25986
25988
25988
25988
25989
25992
25993
25995
25999
25999
25999
26000
26004
26011
26014
26015
26016
26024
26024
26025
26030
26031
26032
26036
26041
26041
26043
26043
26048
26054
26060
26062
26063
26067
26070
26073
26079
26081
26082
26089
26091
26093
26107
26110
26111
26113
26118
26127
26128
26145
26150
26151
26153
26157
26160
26162
26162
26162
26164
26175
26181
26183
26187
26190
26192
26194
26196
26199
26202
26206
26207
26209
26209
26213
26217
26219
26220
26224
26226
26226
26226
26228
26229
26234
26236
26241
26241
26245
26253
26256
26256
26257
26258
26264
26268
26269
26271
26277
26285
26285
26286
26291
26300
26302
26309
26320
26320
26322
26322
26331
26338
26339
26340
26340
26341
26342
26343
26345
26347
26365
26365
26369
26385
26387
26388
26396
26400
26401
26401
26403
26404
26406
26407
26413
26414
26424
26434
26438
26446
26447
26454
26454
26455
26462
26464
26465
26473
26475
26486
26487
26489
26490
26490
26490
26492
26493
26501
26502
26512
26514
26520
26524
26524
26525
26526
26529
26531
26533
26535
26536
26540
26543
26544
26546
26558
26562
26566
26577
26577
26584
26585
26589
26590
26591
26599
26601
26601
26611
26628
26631
26645
26646
26648
26649
26652
26657
26663
26664
26676
26678
26681
26690
26695
26699
26699
26700
26707
26707
26708
26716
26720
26720
26720
26720
26728
26729
26735
26736
26738
26751
26757
26763
26771
26773
26775
26781
26782
26793
26795
26804
26810
26813
26817
26820
26824
26825
26828
26835
26837
26837
26840
26842
26842
26843
26846
26846
26847
26856
26859
26862
26866
26869
26870
26875
26889
26890
26890
26892
26894
26894
26896
26897
26899
26901
26908
26911
26911
26912
26912
26917
26917
26921
26924
26929
26930
26940
26943
26946
26954
26956
26956
26957
26957
26958
26963
26971
26971
26971
26972
26974
26975
26976
26977
26978
26981
26985
26995
26997
27002
27004
27004
27005
27006
27007
27019
27019
27020
27030
27037
27037
27040
27040
27055
27059
27063
27065
27065
27069
27072
27072
27073
27077
27079
27081
27082
27094
27097
27098
27101
27108
27110
27113
27116
27116
27120
27125
27127
27128
27133
27133
27133
27134
27138
27140
27141
27143
27149
27154
27155
27159
27166
27167
27167
27173
27179
27184
27188
27195
27196
27200
27202
27212
27215
27217
27218
27222
27236
27237
27241
27244
27247
27248
27250
27255
27267
27276
27289
27293
27297
27305
27307
27308
27310
27311
27311
27313
27313
27314
27314
27316
27318
27319
27319
27325
27331
27342
27344
27347
27349
27350
27350
27351
27357
27359
27369
27379
27382
27384
27387
27390
27395
27402
27403
27406
27407
27412
27412
27413
27414
27416
27418
27430
27433
27439
27442
27443
27449
27458
27464
27468
27470
27486
27488
27492
27494
27497
27508
27509
27517
27517
27528
27532
27535
27535
27544
27546
27547
27547
27549
27549
27552
27556
27557
27565
27580
27580
27583
27583
27601
27601
27602
27606
27610
27613
27614
27615
27615
27615
27619
27620
27620
27626
27630
27631
27634
27638
27641
27645
27649
27654
27654
27656
27658
27662
27666
27670
27675
27678
27687
27690
27694
27697
27698
27710
27710
27712
27713
27720
27722
27722
27725
27725
27727
27727
27731
27735
27739
27739
27741
27741
27744
27751
27755
27757
27759
27761
27762
27769
27776
27786
27786
27787
27791
27791
27793
27794
27794
27799
27801
27801
27803
27804
27805
27806
27810
27815
27816
27817
27817
27819
27820
27821
27829
27829
27832
27835
27843
27848
27851
27852
27852
27871
27873
27875
27876
27877
27884
27887
27887
27890
27894
27906
27907
27907
27909
27913
27915
27921
27922
27927
27930
27931
27936
27945
27951
27951
27952
27954
27955
27956
27956
27961
27961
27962
27974
27975
27984
27984
27992
27992
27997
28000
28005
28005
28011
28017
28018
28018
28028
28031
28041
28042
28049
28050
28053
28054
28057
28057
28067
28068
28077
28077
28078
28094
28101
28108
28124
28141
28144
28151
28162
28168
28172
28173
28173
28174
28179
28179
28197
28202
28203
28205
28217
28219
28228
28232
28233
28233
28243
28247
28248
28253
28254
28259
28260
28261
28262
28264
28267
28268
28270
28271
28272
28272
28278
28281
28287
28287
28290
28291
28297
28297
28300
28301
28305
28307
28308
28310
28311
28313
28320
28324
28325
28325
28325
28327
28328
28328
28330
28332
28347
28347
28348
28348
28352
28356
28359
28360
28361
28361
28364
28370
28373
28376
28378
28381
28384
28388
28396
28398
28405
28407
28414
28415
28423
28426
28429
28429
28434
28435
28437
28438
28442
28447
28448
28451
28451
28452
28452
28454
28455
28455
28460
28461
28469
28472
28473
28477
28482
28482
28482
28493
28498
28500
28506
28509
28509
28510
28514
28515
28517
28527
28528
28528
28535
28540
28541
28542
28543
28544
28545
28547
28551
28558
28565
28568
28569
28575
28576
28579
28583
28583
28590
28591
28599
28603
28604
28616
28617
28618
28619
28621
28624
28660
28665
28667
28673
28683
28698
28704
28713
28715
28719
28726
28730
28732
28732
28733
28742
28749
28751
28752
28753
28753
28754
28756
28761
28763
28763
28765
28766
28767
28769
28775
28775
28775
28782
28782
28790
28794
28798
28799
28803
28810
28816
28820
28823
28828
28828
28829
28832
28833
28850
28851
28851
28875
28882
28884
28884
28885
28888
28890
28896
28896
28896
28898
28902
28911
28912
28912
28914
28925
28925
28926
28928
28935
28936
28941
28946
28946
28947
28951
28953
28958
28960
28971
28979
28983
28983
28984
28985
28986
28993
28994
28995
28997
29006
29007
29015
29017
29020
29020
29022
29025
29027
29032
29049
29053
29054
29058
29063
29066
29075
29079
29082
29089
29096
29104
29105
29109
29115
29116
29117
29120
29122
29130
29133
29139
29144
29144
29150
29151
29152
29160
29164
29170
29171
29172
29172
29176
29177
29179
29184
29187
29188
29192
29193
29203
29207
29214
29216
29217
29218
29221
29224
29224
29225
29226
29232
29236
29242
29242
29254
29256
29262
29267
29272
29274
29274
29275
29279
29285
29287
29289
29295
29295
29295
29296
29298
29300
29302
29306
29307
29316
29321
29321
29334
29336
29344
29345
29345
29351
29359
29363
29365
29369
29369
29371
29379
29381
29382
29382
29383
29387
29387
29389
29390
29391
29393
29394
29396
29401
29404
29408
29412
29414
29427
29434
29435
29440
29446
29447
29452
29453
29455
29460
29461
29463
29464
29466
29472
29474
29478
29480
29481
29482
29489
29489
29495
29495
29496
29496
29502
29506
29514
29515
29519
29519
29523
29526
29534
29535
29540
29542
29546
29551
29553
29556
29557
29570
29577
29583
29584
29588
29589
29596
29597
29607
29610
29613
29626
29627
29628
29631
29632
29635
29635
29636
29638
29643
29645
29651
29653
29656
29658
29660
29674
29679
29683
29688
29692
29693
29696
29698
29700
29710
29718
29724
29724
29726
29731
29733
29733
29735
29742
29742
29743
29745
29751
29756
29759
29761
29764
29765
29792
29796
29797
29802
29804
29807
29812
29814
29817
29817
29818
29821
29825
29826
29828
29828
29828
29829
29841
29841
29845
29849
29853
29858
29870
29873
29875
29877
29882
29883
29886
29892
29901
29905
29906
29911
29914
29915
29915
29921
29928
29930
29936
29938
29940
29943
29944
29946
29961
29962
29962
29963
29964
29971
29971
29975
29975
29975
29975
29978
29978
29981
29991
29992
29994
29997
29999
29999
30005
30008
30015
30022
30023
30025
30025
30031
30033
30045
30052
30052
30052
30062
30066
30071
30072
30075
30084
30091
30093
30099
30106
30107
30108
30110
30111
30111
30112
30114
30117
30126
30134
30135
30139
30145
30146
30148
30150
30175
30175
30180
30188
30194
30206
30208
30216
30228
30229
30232
30244
30245
30249
30250
30253
30261
30276
30280
30282
30287
30289
30290
30290
30308
30324
30334
30335
30336
30339
30341
30344
30347
30352
30352
30353
30353
30359
30360
30364
30372
30380
30383
30385
30385
30387
30390
30391
30393
30397
30397
30401
30406
30408
30419
30419
30421
30422
30433
30434
30443
30445
30446
30447
30448
30450
30451
30455
30455
30458
30462
30465
30466
30473
30475
30479
30482
30482
30482
30483
30484
30487
30489
30490
30491
30494
30499
30499
30502
30510
30512
30513
30513
30520
30522
30529
30529
30530
30536
30538
30539
30539
30545
30548
30550
30551
30551
30555
30555
30555
30556
30557
30569
30572
30583
30585
30585
30587
30589
30591
30602
30609
30611
30613
30615
30618
30618
30623
30629
30630
30632
30640
30641
30648
30649
30651
30651
30655
30657
30671
30677
30677
30679
30682
30690
30694
30696
30696
30696
30698
30700
30708
30711
30716
30717
30718
30724
30725
30745
30747
30755
30755
30757
30758
30762
30773
30773
30777
30779
30781
30783
30787
30789
30790
30794
30799
30803
30804
30810
30814
30819
30820
30824
30830
30836
30837
30838
30839
30843
30844
30847
30853
30857
30866
30868
30876
30876
30878
30883
30887
30889
30890
30895
30896
30897
30904
30908
30908
30914
30914
30919
30922
30928
30928
30930
30934
30939
30941
30948
30948
30949
30950
30953
30953
30956
30957
30964
30966
30967
30970
30978
30979
30980
30983
30984
30984
30988
30988
30990
30993
30993
30999
30999
31001
31005
31018
31018
31028
31028
31030
31036
31037
31038
31041
31045
31049
31055
31058
31064
31068
31068
31072
31076
31079
31081
31081
31081
31096
31098
31098
31099
31103
31109
31116
31118
31122
31124
31129
31137
31139
31147
31150
31153
31154
31154
31167
31169
31175
31180
31186
31195
31196
31199
31203
31205
31205
31217
31221
31222
31224
31228
31229
31235
31239
31241
31242
31248
31250
31251
31254
31255
31256
31259
31260
31264
31266
31270
31270
31277
31281
31283
31294
31295
31296
31304
31305
31307
31309
31309
31311
31313
31313
31318
31318
31319
31323
31336
31342
31343
31346
31346
31347
31353
31355
31356
31359
31361
31364
31364
31367
31367
31368
31369
31369
31369
31371
31377
31377
31383
31385
31388
31391
31394
31396
31400
31404
31410
31410
31414
31416
31417
31419
31421
31422
31422
31430
31439
31439
31439
31442
31443
31444
31445
31454
31457
31458
31461
31463
31466
31469
31472
31474
31477
31479
31487
31490
31492
31495
31500
31500
31504
31511
31512
31518
31527
31533
31539
31541
31542
31544
31545
31546
31555
31555
31562
31564
31567
31568
31571
31582
31585
31587
31594
31595
31597
31598
31602
31608
31611
31612
31613
31616
31620
31621
31624
31626
31627
31631
31641
31648
31649
31649
31652
31652
31656
31657
31659
31663
31664
31672
31672
31673
31679
31683
31686
31688
31697
31708
31708
31709
31712
31714
31716
31718
31722
31730
31733
31735
31735
31737
31740
31741
31742
31744
31744
31749
31752
31754
31758
31766
31768
31771
31775
31777
31779
31784
31785
31786
31788
31789
31790
31799
31802
31803
31804
31807
31808
31809
31809
31813
31815
31816
31825
31826
31835
31837
31838
31839
31840
31842
31845
31848
31850
31851
31855
31857
31865
31871
31883
31883
31889
31892
31894
31896
31898
31899
31899
31903
31903
31909
31911
31913
31916
31920
31921
31921
31923
31924
31926
31927
31927
31931
31935
31941
31941
31943
31950
31951
31953
31954
31955
31958
31958
31964
31965
31965
31968
31977
31977
31978
31987
31993
31997
31997
32002
32004
32004
32011
32012
32013
32013
32018
32021
32023
32028
32029
32029
32032
32038
32038
32039
32039
32041
32042
32044
32045
32045
32052
32055
32057
32062
32063
32069
32070
32074
32077
32085
32092
32092
32096
32096
32098
32099
32101
32102
32104
32106
32108
32111
32111
32112
32115
32121
32126
32127
32129
32131
32132
32133
32133
32134
32139
32143
32147
32148
32154
32155
32163
32165
32177
32187
32192
32206
32206
32208
32212
32214
32214
32223
32225
32229
32229
32237
32238
32239
32240
32247
32251
32255
32259
32262
32263
32264
32275
32276
32278
32283
32285
32287
32289
32291
32305
32307
32312
32313
32316
32317
32326
32328
32331
32333
32336
32338
32338
32343
32344
32345
32356
32362
32362
32365
32370
32371
32375
32380
32382
32383
32385
32387
32387
32393
32399
32400
32406
32408
32409
32412
32417
32417
32421
32424
32424
32428
32440
32443
32447
32448
32449
32451
32454
32460
32463
32465
32468
32470
32471
32476
32478
32483
32483
32484
32485
32489
32496
32497
32498
32501
32501
32503
32507
32508
32509
32516
32517
32518
32519
32520
32526
32531
32532
32535
32539
32539
32541
32548
32551
32560
32562
32563
32564
32569
32572
32573
32583
32585
32588
32590
32593
32598
32602
32605
32608
32609
32624
32626
32638
32639
32647
32652
32655
32659
32661
32662
32667
32671
32673
32674
32674
32675
32679
32682
32689
32692
32696
32697
32698
32699
32704
32707
32707
32713
32714
32716
32722
32730
32741
32743
32744
32749
32751
32755
32762
32762
32763
32766
32766
It takes :0.006
