1000
28253
24462
22204
25058
15244
5549
2207
18359
11990
1969
8233
17557
18691
29975
22900
29828
1289
16330
22088
23415
23330
13036
22999
555
31266
9940
27819
23122
11016
9811
31964
11761
4819
31036
20102
7687
18071
14371
20602
29807
26063
19812
10548
19719
12021
1896
4110
23058
16976
8227
18099
18395
1806
24033
18133
924
26258
12611
30755
27037
21007
29828
629
7840
18006
12289
4170
6269
16876
2041
5493
6666
24928
14225
28179
9789
5595
15643
27072
11925
10745
7063
5899
181
2263
21882
25383
14163
31598
1199
25059
12880
20511
13276
20955
23080
8334
23782
12528
12941
10676
12471
29943
79
27184
3135
15534
1663
31454
16056
3316
7892
21931
1327
28217
12621
32424
24384
32307
20248
17245
8481
18898
29875
1119
26338
887
14161
15653
19698
26977
24959
15895
4582
28775
17159
19688
1398
1773
14357
7974
26824
1041
11160
25359
9202
5925
6379
19111
29882
19298
20661
19719
31391
29658
1294
4600
17438
5039
24803
15296
16686
5763
11931
828
16141
27951
20986
23087
20798
25272
6470
2010
19411
15743
10665
29645
13032
183
2775
4860
17264
25116
5616
11029
31028
18402
19368
24593
13848
25324
21925
16394
28320
14655
14121
16716
32692
13494
28912
26286
4512
2551
7260
32291
11359
2981
16847
11660
24857
15832
28248
16848
11498
15818
19603
29743
30949
20947
17610
6611
23385
13719
26720
29096
32338
30334
11376
1134
20323
29796
14257
19213
23715
23186
18333
3880
758
9453
28882
14836
20878
1390
16056
1355
18097
15826
30308
17148
18876
16787
188
11878
1640
13334
16348
31813
3404
5926
21433
7371
23971
15777
4612
25587
15440
22129
13650
3090
31775
9150
1913
18094
6990
12898
2877
20372
23116
9630
26924
13861
12224
27403
9158
20721
15821
27347
22241
3975
11412
2080
1612
7818
3579
1493
16307
4616
11949
9085
5058
2568
30819
1664
10893
1378
18785
17309
30512
22228
25923
7316
20146
28753
25337
17955
26160
30876
15377
18996
31799
24342
24884
23125
12657
25045
30708
9832
21636
14837
9669
2972
9527
25139
3144
12188
21207
11191
23248
23558
14809
5426
6431
11806
9408
6185
3952
28356
5185
24721
28603
9891
21157
8859
9268
17068
22128
721
26388
23747
14400
17506
1949
31927
16375
12730
88
25976
19740
29526
17058
17028
7807
18647
23398
18851
15644
22613
21804
9428
3650
2037
31571
14471
20725
5566
25242
6668
2704
25000
23270
19020
9903
7670
11839
2231
20043
22982
20763
21117
14887
6631
26591
25089
1131
29674
17827
17035
15759
24444
18485
19516
18555
12787
13665
7240
16877
30758
32112
23903
30490
8834
1775
29804
12184
14170
26546
25986
20091
32639
12056
1299
3775
24849
9615
18788
24294
23700
9563
20541
8161
24646
28820
27877
19252
26032
10350
21070
17494
3452
18878
11660
22870
11654
21177
17547
14020
1334
30206
27906
21199
3084
32471
28579
5035
3708
19131
11157
13622
3325
31768
3619
12762
4445
19024
12982
12981
28247
4865
16128
19191
7527
4234
20347
652
11997
22987
2066
29692
49
3884
7453
399
11414
22752
26771
26036
27601
6763
24443
8867
21324
32609
31652
5442
11622
17777
28054
12101
23310
26531
10952
7322
29584
3806
11284
22532
5806
27565
28775
29446
9459
23874
6077
5378
21060
2492
10829
30114
18104
19365
24576
22135
16810
6335
31784
16352
29452
17920
4463
1326
32509
19675
16909
21509
24478
30145
20543
21253
6434
3048
4852
5034
29733
32331
8905
23409
12863
4594
21303
2109
28888
2419
19467
5112
11838
26041
22295
31613
9460
9220
13864
3254
29006
7473
5432
24577
13626
27196
27876
217
11873
29187
26912
2482
29295
1100
10281
14116
17838
9738
26043
13900
16346
29404
26245
12912
13105
14295
14298
26081
2505
11141
6057
12838
3366
26413
6319
854
19468
1365
22251
710
4754
2438
20562
23780
10360
30031
13765
7779
18874
11916
18496
27801
3429
6889
5716
7461
11946
5281
11735
28884
27697
7308
5594
30150
29104
27992
9435
21708
32699
21526
1852
3605
17886
29177
2548
26890
8937
19291
32133
7030
16267
18433
17710
27626
14114
2208
26209
21344
17106
13728
11383
25118
6868
11039
13475
27613
529
9785
30244
16171
12272
22407
6847
27662
3180
32485
15213
24042
29289
29817
21841
19620
27720
17137
2796
18696
7865
14091
1428
26728
21968
2139
2850
21382
26716
32585
7148
15541
25972
15449
11507
314
16466
1199
21085
31224
28261
14290
28197
16205
11169
21168
14097
25655
22810
9186
11236
27835
10705
5426
18133
903
4557
11866
1345
13014
11118
13583
6045
9364
1791
3646
19886
11714
6282
17558
4860
10525
14320
22598
3972
25850
26424
15368
16557
10357
21288
9054
7805
5066
16914
1563
8461
24579
25841
32038
14906
16852
16053
23675
6046
29635
5594
11890
16575
11147
9279
29764
25989
32451
31030
20427
28914
31419
16855
31369
13325
29607
27547
11756
15647
20223
21798
24784
12066
19749
355
32326
11639
5705
214
31124
12247
3722
1326
25469
21132
13661
21274
25794
30433
5171
1630
16872
18391
86
23590
19516
30489
13332
30618
25621
17970
800
21682
28761
12286
11829
23884
28482
18014
6652
21628
1122
6192
27952
3107
10213
13183
23040
6339
23319
6134
5813
30609
1574
11675
18836
23244
25384
5050
27654
4174
6751
23582
26870
13921
29628
1671
31355
13011
16803
20569
2743
8269
26862
11410
7167
9696
10804
30718
31803
27873
4171
15790
18320
10487
10251
8102
32317
26226
25941
14294
12739
4830
22868
1356
3401
29656
7683
14759
15678
33
6896
31439
31296
20209
1855
27875
15165
4494
19697
6259
21208
19228
12647
240
31758
15031
26401
32608
6681
11199
27852
13654
12180
8307
23932
11298
20705
2754
5686
29765
5576
1885
21681
22824
20064
20241
13149
32013
32563
21076
9893
28997
26781
13086
24433
7843
7541
4346
14064
4658
27887
23388
1940
547
9153
7733
5982
7945
26757
31941
30555
1353
14175
20144
31855
25291
16607
4949
13649
9462
12329
12123
471
17116
7251
10380
12148
30641
10510
21479
16127
386
6793
10736
14261
14371
24722
13643
11138
4202
23807
20361
20604
24474
26956
8258
21424
29474
24453
4708
18722
20616
10854
13258
23823
12704
8386
13073
10869
4353
12321
28583
23254
23225
6829
