33
49
79
86
88
181
183
188
214
217
240
314
355
386
399
471
529
547
555
629
652
710
721
758
800
828
854
887
903
924
1041
1100
1119
1122
1131
1134
1199
1199
1289
1294
1299
1326
1326
1327
1334
1345
1353
1355
1356
1365
1378
1390
1398
1428
1493
1563
1574
1612
1630
1640
1663
1664
1671
1773
1775
1791
1806
1852
1855
1885
1896
1913
1940
1949
1969
2010
2037
2041
2066
2080
2109
2139
2207
2208
2231
2263
2419
2438
2482
2492
2505
2548
2551
2568
2704
2743
2754
2775
2796
2850
2877
2972
2981
3048
3084
3090
3107
3135
3144
3180
3254
3316
3325
3366
3401
3404
3429
3452
3579
3605
3619
3646
3650
3708
3722
3775
3806
3880
3884
3952
3972
3975
4110
4170
4171
4174
4202
4234
4346
4353
4445
4463
4494
4512
4557
4582
4594
4600
4612
4616
4658
4708
4754
4819
4830
4852
4860
4860
4865
4949
5034
5035
5039
5050
5058
5066
5112
5171
5185
5281
5378
5426
5426
5432
5442
5493
5549
5566
5576
5594
5594
5595
5616
5686
5705
5716
5763
5806
5813
5899
5925
5926
5982
6045
6046
6057
6077
6134
6185
6192
6259
6269
6282
6319
6335
6339
6379
6431
6434
6470
6611
6631
6652
6666
6668
6681
6751
6763
6793
6829
6847
6868
6889
6896
6990
7030
7063
7148
7167
7240
7251
7260
7308
7316
7322
7371
7453
7461
7473
7527
7541
7670
7683
7687
7733
7779
7805
7807
7818
7840
7843
7865
7892
7945
7974
8102
8161
8227
8233
8258
8269
8307
8334
8386
8461
8481
8834
8859
8867
8905
8937
9054
9085
9150
9153
9158
9186
9202
9220
9268
9279
9364
9408
9428
9435
9453
9459
9460
9462
9527
9563
9615
9630
9669
9696
9738
9785
9789
9811
9832
9891
9893
9903
9940
10213
10251
10281
10350
10357
10360
10380
10487
10510
10525
10548
10665
10676
10705
10736
10745
10804
10829
10854
10869
10893
10952
11016
11029
11039
11118
11138
11141
11147
11157
11160
11169
11191
11199
11236
11284
11298
11359
11376
11383
11410
11412
11414
11498
11507
11622
11639
11654
11660
11660
11675
11714
11735
11756
11761
11806
11829
11838
11839
11866
11873
11878
11890
11916
11925
11931
11946
11949
11990
11997
12021
12056
12066
12101
12123
12148
12180
12184
12188
12224
12247
12272
12286
12289
12321
12329
12471
12528
12611
12621
12647
12657
12704
12730
12739
12762
12787
12838
12863
12880
12898
12912
12941
12981
12982
13011
13014
13032
13036
13073
13086
13105
13149
13183
13258
13276
13325
13332
13334
13475
13494
13583
13622
13626
13643
13649
13650
13654
13661
13665
13719
13728
13765
13848
13861
13864
13900
13921
14020
14064
14091
14097
14114
14116
14121
14161
14163
14170
14175
14225
14257
14261
14290
14294
14295
14298
14320
14357
14371
14371
14400
14471
14655
14759
14809
14836
14837
14887
14906
15031
15165
15213
15244
15296
15368
15377
15440
15449
15534
15541
15643
15644
15647
15653
15678
15743
15759
15777
15790
15818
15821
15826
15832
15895
16053
16056
16056
16127
16128
16141
16171
16205
16267
16307
16330
16346
16348
16352
16375
16394
16466
16557
16575
16607
16686
16716
16787
16803
16810
16847
16848
16852
16855
16872
16876
16877
16909
16914
16976
17028
17035
17058
17068
17106
17116
17137
17148
17159
17245
17264
17309
17438
17494
17506
17547
17557
17558
17610
17710
17777
17827
17838
17886
17920
17955
17970
18006
18014
18071
18094
18097
18099
18104
18133
18133
18320
18333
18359
18391
18395
18402
18433
18485
18496
18555
18647
18691
18696
18722
18785
18788
18836
18851
18874
18876
18878
18898
18996
19020
19024
19111
19131
19191
19213
19228
19252
19291
19298
19365
19368
19411
19467
19468
19516
19516
19603
19620
19675
19688
19697
19698
19719
19719
19740
19749
19812
19886
20043
20064
20091
20102
20144
20146
20209
20223
20241
20248
20323
20347
20361
20372
20427
20511
20541
20543
20562
20569
20602
20604
20616
20661
20705
20721
20725
20763
20798
20878
20947
20955
20986
21007
21060
21070
21076
21085
21117
21132
21157
21168
21177
21199
21207
21208
21253
21274
21288
21303
21324
21344
21382
21424
21433
21479
21509
21526
21628
21636
21681
21682
21708
21798
21804
21841
21882
21925
21931
21968
22088
22128
22129
22135
22204
22228
22241
22251
22295
22407
22532
22598
22613
22752
22810
22824
22868
22870
22900
22982
22987
22999
23040
23058
23080
23087
23116
23122
23125
23186
23225
23244
23248
23254
23270
23310
23319
23330
23385
23388
23398
23409
23415
23558
23582
23590
23675
23700
23715
23747
23780
23782
23807
23823
23874
23884
23903
23932
23971
24033
24042
24294
24342
24384
24433
24443
24444
24453
24462
24474
24478
24576
24577
24579
24593
24646
24721
24722
24784
24803
24849
24857
24884
24928
24959
25000
25045
25058
25059
25089
25116
25118
25139
25242
25272
25291
25324
25337
25359
25383
25384
25469
25587
25621
25655
25794
25841
25850
25923
25941
25972
25976
25986
25989
26032
26036
26041
26043
26063
26081
26160
26209
26226
26245
26258
26286
26338
26388
26401
26413
26424
26531
26546
26591
26716
26720
26728
26757
26771
26781
26824
26862
26870
26890
26912
26924
26956
26977
27037
27072
27184
27196
27347
27403
27547
27565
27601
27613
27626
27654
27662
27697
27720
27801
27819
27835
27852
27873
27875
27876
27877
27887
27906
27951
27952
27992
28054
28179
28197
28217
28247
28248
28253
28261
28320
28356
28482
28579
28583
28603
28753
28761
28775
28775
28820
28882
28884
28888
28912
28914
28997
29006
29096
29104
29177
29187
29289
29295
29404
29446
29452
29474
29526
29584
29607
29628
29635
29645
29656
29658
29674
29692
29733
29743
29764
29765
29796
29804
29807
29817
29828
29828
29875
29882
29943
29975
30031
30114
30145
30150
30206
30244
30308
30334
30433
30489
30490
30512
30555
30609
30618
30641
30708
30718
30755
30758
30819
30876
30949
31028
31030
31036
31124
31224
31266
31296
31355
31369
31391
31419
31439
31454
31571
31598
31613
31652
31758
31768
31775
31784
31799
31803
31813
31855
31927
31941
31964
32013
32038
32112
32133
32291
32307
32317
32326
32331
32338
32424
32451
32471
32485
32509
32563
32585
32608
32609
32639
32692
32699
It takes :0.004
